# freq/cm-1  Intensity 
-5.75282e+02   2.99349e-06
-5.73782e+02   2.99832e-06
-5.72282e+02   3.00316e-06
-5.70782e+02   3.00802e-06
-5.69282e+02   3.01289e-06
-5.67782e+02   3.01778e-06
-5.66282e+02   3.02269e-06
-5.64782e+02   3.02761e-06
-5.63282e+02   3.03255e-06
-5.61782e+02   3.03750e-06
-5.60282e+02   3.04247e-06
-5.58782e+02   3.04745e-06
-5.57282e+02   3.05245e-06
-5.55782e+02   3.05747e-06
-5.54282e+02   3.06250e-06
-5.52782e+02   3.06755e-06
-5.51282e+02   3.07261e-06
-5.49782e+02   3.07769e-06
-5.48282e+02   3.08279e-06
-5.46782e+02   3.08791e-06
-5.45282e+02   3.09304e-06
-5.43782e+02   3.09819e-06
-5.42282e+02   3.10335e-06
-5.40782e+02   3.10853e-06
-5.39282e+02   3.11373e-06
-5.37782e+02   3.11895e-06
-5.36282e+02   3.12418e-06
-5.34782e+02   3.12944e-06
-5.33282e+02   3.13471e-06
-5.31782e+02   3.13999e-06
-5.30282e+02   3.14530e-06
-5.28782e+02   3.15062e-06
-5.27282e+02   3.15596e-06
-5.25782e+02   3.16132e-06
-5.24282e+02   3.16670e-06
-5.22782e+02   3.17210e-06
-5.21282e+02   3.17751e-06
-5.19782e+02   3.18294e-06
-5.18282e+02   3.18840e-06
-5.16782e+02   3.19387e-06
-5.15282e+02   3.19936e-06
-5.13782e+02   3.20487e-06
-5.12282e+02   3.21039e-06
-5.10782e+02   3.21594e-06
-5.09282e+02   3.22151e-06
-5.07782e+02   3.22710e-06
-5.06282e+02   3.23270e-06
-5.04782e+02   3.23833e-06
-5.03282e+02   3.24398e-06
-5.01782e+02   3.24964e-06
-5.00282e+02   3.25533e-06
-4.98782e+02   3.26104e-06
-4.97282e+02   3.26676e-06
-4.95782e+02   3.27251e-06
-4.94282e+02   3.27828e-06
-4.92782e+02   3.28407e-06
-4.91282e+02   3.28988e-06
-4.89782e+02   3.29572e-06
-4.88282e+02   3.30157e-06
-4.86782e+02   3.30745e-06
-4.85282e+02   3.31335e-06
-4.83782e+02   3.31926e-06
-4.82282e+02   3.32521e-06
-4.80782e+02   3.33117e-06
-4.79282e+02   3.33716e-06
-4.77782e+02   3.34316e-06
-4.76282e+02   3.34920e-06
-4.74782e+02   3.35525e-06
-4.73282e+02   3.36133e-06
-4.71782e+02   3.36743e-06
-4.70282e+02   3.37355e-06
-4.68782e+02   3.37970e-06
-4.67282e+02   3.38587e-06
-4.65782e+02   3.39206e-06
-4.64282e+02   3.39828e-06
-4.62782e+02   3.40452e-06
-4.61282e+02   3.41079e-06
-4.59782e+02   3.41708e-06
-4.58282e+02   3.42340e-06
-4.56782e+02   3.42974e-06
-4.55282e+02   3.43611e-06
-4.53782e+02   3.44250e-06
-4.52282e+02   3.44892e-06
-4.50782e+02   3.45536e-06
-4.49282e+02   3.46183e-06
-4.47782e+02   3.46832e-06
-4.46282e+02   3.47484e-06
-4.44782e+02   3.48139e-06
-4.43282e+02   3.48797e-06
-4.41782e+02   3.49457e-06
-4.40282e+02   3.50120e-06
-4.38782e+02   3.50785e-06
-4.37282e+02   3.51453e-06
-4.35782e+02   3.52125e-06
-4.34282e+02   3.52799e-06
-4.32782e+02   3.53475e-06
-4.31282e+02   3.54155e-06
-4.29782e+02   3.54837e-06
-4.28282e+02   3.55523e-06
-4.26782e+02   3.56211e-06
-4.25282e+02   3.56902e-06
-4.23782e+02   3.57596e-06
-4.22282e+02   3.58293e-06
-4.20782e+02   3.58994e-06
-4.19282e+02   3.59697e-06
-4.17782e+02   3.60403e-06
-4.16282e+02   3.61112e-06
-4.14782e+02   3.61825e-06
-4.13282e+02   3.62541e-06
-4.11782e+02   3.63259e-06
-4.10282e+02   3.63981e-06
-4.08782e+02   3.64707e-06
-4.07282e+02   3.65435e-06
-4.05782e+02   3.66167e-06
-4.04282e+02   3.66902e-06
-4.02782e+02   3.67640e-06
-4.01282e+02   3.68382e-06
-3.99782e+02   3.69127e-06
-3.98282e+02   3.69876e-06
-3.96782e+02   3.70628e-06
-3.95282e+02   3.71384e-06
-3.93782e+02   3.72143e-06
-3.92282e+02   3.72906e-06
-3.90782e+02   3.73672e-06
-3.89282e+02   3.74442e-06
-3.87782e+02   3.75215e-06
-3.86282e+02   3.75993e-06
-3.84782e+02   3.76774e-06
-3.83282e+02   3.77558e-06
-3.81782e+02   3.78347e-06
-3.80282e+02   3.79139e-06
-3.78782e+02   3.79936e-06
-3.77282e+02   3.80736e-06
-3.75782e+02   3.81540e-06
-3.74282e+02   3.82348e-06
-3.72782e+02   3.83160e-06
-3.71282e+02   3.83976e-06
-3.69782e+02   3.84797e-06
-3.68282e+02   3.85621e-06
-3.66782e+02   3.86450e-06
-3.65282e+02   3.87283e-06
-3.63782e+02   3.88120e-06
-3.62282e+02   3.88961e-06
-3.60782e+02   3.89807e-06
-3.59282e+02   3.90658e-06
-3.57782e+02   3.91512e-06
-3.56282e+02   3.92371e-06
-3.54782e+02   3.93235e-06
-3.53282e+02   3.94104e-06
-3.51782e+02   3.94977e-06
-3.50282e+02   3.95854e-06
-3.48782e+02   3.96737e-06
-3.47282e+02   3.97624e-06
-3.45782e+02   3.98516e-06
-3.44282e+02   3.99413e-06
-3.42782e+02   4.00315e-06
-3.41282e+02   4.01222e-06
-3.39782e+02   4.02134e-06
-3.38282e+02   4.03051e-06
-3.36782e+02   4.03973e-06
-3.35282e+02   4.04900e-06
-3.33782e+02   4.05833e-06
-3.32282e+02   4.06771e-06
-3.30782e+02   4.07715e-06
-3.29282e+02   4.08664e-06
-3.27782e+02   4.09618e-06
-3.26282e+02   4.10578e-06
-3.24782e+02   4.11544e-06
-3.23282e+02   4.12516e-06
-3.21782e+02   4.13493e-06
-3.20282e+02   4.14476e-06
-3.18782e+02   4.15465e-06
-3.17282e+02   4.16460e-06
-3.15782e+02   4.17462e-06
-3.14282e+02   4.18469e-06
-3.12782e+02   4.19483e-06
-3.11282e+02   4.20502e-06
-3.09782e+02   4.21529e-06
-3.08282e+02   4.22561e-06
-3.06782e+02   4.23601e-06
-3.05282e+02   4.24647e-06
-3.03782e+02   4.25699e-06
-3.02282e+02   4.26759e-06
-3.00782e+02   4.27825e-06
-2.99282e+02   4.28898e-06
-2.97782e+02   4.29978e-06
-2.96282e+02   4.31066e-06
-2.94782e+02   4.32160e-06
-2.93282e+02   4.33262e-06
-2.91782e+02   4.34372e-06
-2.90282e+02   4.35489e-06
-2.88782e+02   4.36613e-06
-2.87282e+02   4.37746e-06
-2.85782e+02   4.38886e-06
-2.84282e+02   4.40034e-06
-2.82782e+02   4.41190e-06
-2.81282e+02   4.42355e-06
-2.79782e+02   4.43527e-06
-2.78282e+02   4.44708e-06
-2.76782e+02   4.45898e-06
-2.75282e+02   4.47096e-06
-2.73782e+02   4.48303e-06
-2.72282e+02   4.49519e-06
-2.70782e+02   4.50743e-06
-2.69282e+02   4.51977e-06
-2.67782e+02   4.53221e-06
-2.66282e+02   4.54473e-06
-2.64782e+02   4.55735e-06
-2.63282e+02   4.57007e-06
-2.61782e+02   4.58289e-06
-2.60282e+02   4.59581e-06
-2.58782e+02   4.60882e-06
-2.57282e+02   4.62194e-06
-2.55782e+02   4.63517e-06
-2.54282e+02   4.64850e-06
-2.52782e+02   4.66194e-06
-2.51282e+02   4.67549e-06
-2.49782e+02   4.68915e-06
-2.48282e+02   4.70292e-06
-2.46782e+02   4.71681e-06
-2.45282e+02   4.73081e-06
-2.43782e+02   4.74494e-06
-2.42282e+02   4.75918e-06
-2.40782e+02   4.77354e-06
-2.39282e+02   4.78803e-06
-2.37782e+02   4.80265e-06
-2.36282e+02   4.81739e-06
-2.34782e+02   4.83227e-06
-2.33282e+02   4.84727e-06
-2.31782e+02   4.86242e-06
-2.30282e+02   4.87770e-06
-2.28782e+02   4.89312e-06
-2.27282e+02   4.90868e-06
-2.25782e+02   4.92439e-06
-2.24282e+02   4.94024e-06
-2.22782e+02   4.95624e-06
-2.21282e+02   4.97240e-06
-2.19782e+02   4.98871e-06
-2.18282e+02   5.00518e-06
-2.16782e+02   5.02181e-06
-2.15282e+02   5.03861e-06
-2.13782e+02   5.05557e-06
-2.12282e+02   5.07270e-06
-2.10782e+02   5.09001e-06
-2.09282e+02   5.10749e-06
-2.07782e+02   5.12515e-06
-2.06282e+02   5.14300e-06
-2.04782e+02   5.16103e-06
-2.03282e+02   5.17925e-06
-2.01782e+02   5.19767e-06
-2.00282e+02   5.21628e-06
-1.98782e+02   5.23510e-06
-1.97282e+02   5.25412e-06
-1.95782e+02   5.27336e-06
-1.94282e+02   5.29281e-06
-1.92782e+02   5.31247e-06
-1.91282e+02   5.33236e-06
-1.89782e+02   5.35248e-06
-1.88282e+02   5.37283e-06
-1.86782e+02   5.39342e-06
-1.85282e+02   5.41425e-06
-1.83782e+02   5.43533e-06
-1.82282e+02   5.45667e-06
-1.80782e+02   5.47826e-06
-1.79282e+02   5.50012e-06
-1.77782e+02   5.52224e-06
-1.76282e+02   5.54465e-06
-1.74782e+02   5.56733e-06
-1.73282e+02   5.59031e-06
-1.71782e+02   5.61358e-06
-1.70282e+02   5.63715e-06
-1.68782e+02   5.66104e-06
-1.67282e+02   5.68523e-06
-1.65782e+02   5.70976e-06
-1.64282e+02   5.73461e-06
-1.62782e+02   5.75981e-06
-1.61282e+02   5.78535e-06
-1.59782e+02   5.81125e-06
-1.58282e+02   5.83751e-06
-1.56782e+02   5.86415e-06
-1.55282e+02   5.89117e-06
-1.53782e+02   5.91859e-06
-1.52282e+02   5.94641e-06
-1.50782e+02   5.97464e-06
-1.49282e+02   6.00329e-06
-1.47782e+02   6.03238e-06
-1.46282e+02   6.06192e-06
-1.44782e+02   6.09192e-06
-1.43282e+02   6.12238e-06
-1.41782e+02   6.15333e-06
-1.40282e+02   6.18478e-06
-1.38782e+02   6.21674e-06
-1.37282e+02   6.24922e-06
-1.35782e+02   6.28224e-06
-1.34282e+02   6.31581e-06
-1.32782e+02   6.34995e-06
-1.31282e+02   6.38468e-06
-1.29782e+02   6.42002e-06
-1.28282e+02   6.45597e-06
-1.26782e+02   6.49257e-06
-1.25282e+02   6.52982e-06
-1.23782e+02   6.56775e-06
-1.22282e+02   6.60639e-06
-1.20782e+02   6.64574e-06
-1.19282e+02   6.68583e-06
-1.17782e+02   6.72670e-06
-1.16282e+02   6.76835e-06
-1.14782e+02   6.81082e-06
-1.13282e+02   6.85413e-06
-1.11782e+02   6.89832e-06
-1.10282e+02   6.94340e-06
-1.08782e+02   6.98941e-06
-1.07282e+02   7.03639e-06
-1.05782e+02   7.08436e-06
-1.04282e+02   7.13335e-06
-1.02782e+02   7.18341e-06
-1.01282e+02   7.23458e-06
-9.97815e+01   7.28688e-06
-9.82815e+01   7.34037e-06
-9.67815e+01   7.39509e-06
-9.52815e+01   7.45108e-06
-9.37815e+01   7.50839e-06
-9.22815e+01   7.56707e-06
-9.07815e+01   7.62717e-06
-8.92815e+01   7.68875e-06
-8.77815e+01   7.75187e-06
-8.62815e+01   7.81659e-06
-8.47815e+01   7.88297e-06
-8.32815e+01   7.95108e-06
-8.17815e+01   8.02100e-06
-8.02815e+01   8.09280e-06
-7.87815e+01   8.16657e-06
-7.72815e+01   8.24237e-06
-7.57815e+01   8.32032e-06
-7.42815e+01   8.40050e-06
-7.27815e+01   8.48301e-06
-7.12815e+01   8.56797e-06
-6.97815e+01   8.65549e-06
-6.82815e+01   8.74568e-06
-6.67815e+01   8.83868e-06
-6.52815e+01   8.93462e-06
-6.37815e+01   9.03366e-06
-6.22815e+01   9.13595e-06
-6.07815e+01   9.24166e-06
-5.92815e+01   9.35097e-06
-5.77815e+01   9.46407e-06
-5.62815e+01   9.58117e-06
-5.47815e+01   9.70248e-06
-5.32815e+01   9.82826e-06
-5.17815e+01   9.95875e-06
-5.02815e+01   1.00942e-05
-4.87815e+01   1.02350e-05
-4.72815e+01   1.03814e-05
-4.57815e+01   1.05338e-05
-4.42815e+01   1.06925e-05
-4.27815e+01   1.08580e-05
-4.12815e+01   1.10307e-05
-3.97815e+01   1.12111e-05
-3.82815e+01   1.13997e-05
-3.67815e+01   1.15972e-05
-3.52815e+01   1.18042e-05
-3.37815e+01   1.20213e-05
-3.22815e+01   1.22495e-05
-3.07815e+01   1.24895e-05
-2.92815e+01   1.27422e-05
-2.77815e+01   1.30089e-05
-2.62815e+01   1.32906e-05
-2.47815e+01   1.35886e-05
-2.32815e+01   1.39045e-05
-2.17815e+01   1.42399e-05
-2.02815e+01   1.45967e-05
-1.87815e+01   1.49768e-05
-1.72815e+01   1.53828e-05
-1.57815e+01   1.58172e-05
-1.42815e+01   1.62831e-05
-1.27815e+01   1.67839e-05
-1.12815e+01   1.73236e-05
-9.78150e+00   1.79066e-05
-8.28150e+00   1.85381e-05
-6.78150e+00   1.92239e-05
-5.28150e+00   1.99707e-05
-3.78150e+00   2.07861e-05
-2.28150e+00   2.16790e-05
-7.81500e-01   2.26591e-05
7.18500e-01   2.37376e-05
2.21850e+00   2.49271e-05
3.71850e+00   2.62409e-05
5.21850e+00   2.76936e-05
6.71850e+00   2.92997e-05
8.21850e+00   3.10731e-05
9.71850e+00   3.30246e-05
1.12185e+01   3.51597e-05
1.27185e+01   3.74738e-05
1.42185e+01   3.99474e-05
1.57185e+01   4.25388e-05
1.72185e+01   4.51790e-05
1.87185e+01   4.77674e-05
2.02185e+01   5.01753e-05
2.17185e+01   5.22589e-05
2.32185e+01   5.38831e-05
2.47185e+01   5.49509e-05
2.62185e+01   5.54297e-05
2.77185e+01   5.53610e-05
2.92185e+01   5.48505e-05
3.07185e+01   5.40425e-05
3.22185e+01   5.30902e-05
3.37185e+01   5.21324e-05
3.52185e+01   5.12802e-05
3.67185e+01   5.06141e-05
3.82185e+01   5.01881e-05
3.97185e+01   5.00352e-05
4.12185e+01   5.01749e-05
4.27185e+01   5.06184e-05
4.42185e+01   5.13733e-05
4.57185e+01   5.24466e-05
4.72185e+01   5.38472e-05
4.87185e+01   5.55872e-05
5.02185e+01   5.76834e-05
5.17185e+01   6.01581e-05
5.32185e+01   6.30396e-05
5.47185e+01   6.63636e-05
5.62185e+01   7.01735e-05
5.77185e+01   7.45215e-05
5.92185e+01   7.94697e-05
6.07185e+01   8.50905e-05
6.22185e+01   9.14681e-05
6.37185e+01   9.86985e-05
6.52185e+01   1.06889e-04
6.67185e+01   1.16159e-04
6.82185e+01   1.26632e-04
6.97185e+01   1.38433e-04
7.12185e+01   1.51677e-04
7.27185e+01   1.66443e-04
7.42185e+01   1.82755e-04
7.57185e+01   2.00532e-04
7.72185e+01   2.19539e-04
7.87185e+01   2.39323e-04
8.02185e+01   2.59160e-04
8.17185e+01   2.78035e-04
8.32185e+01   2.94677e-04
8.47185e+01   3.07702e-04
8.62185e+01   3.15845e-04
8.77185e+01   3.18225e-04
8.92185e+01   3.14573e-04
9.07185e+01   3.05295e-04
9.22185e+01   2.91367e-04
9.37185e+01   2.74096e-04
9.52185e+01   2.54849e-04
9.67185e+01   2.34849e-04
9.82185e+01   2.15051e-04
9.97185e+01   1.96121e-04
1.01218e+02   1.78465e-04
1.02718e+02   1.62285e-04
1.04218e+02   1.47637e-04
1.05718e+02   1.34486e-04
1.07218e+02   1.22741e-04
1.08718e+02   1.12283e-04
1.10218e+02   1.02985e-04
1.11718e+02   9.47201e-05
1.13218e+02   8.73695e-05
1.14718e+02   8.08238e-05
1.16218e+02   7.49851e-05
1.17718e+02   6.97668e-05
1.19218e+02   6.50928e-05
1.20718e+02   6.08968e-05
1.22218e+02   5.71210e-05
1.23718e+02   5.37153e-05
1.25218e+02   5.06361e-05
1.26718e+02   4.78456e-05
1.28218e+02   4.53110e-05
1.29718e+02   4.30036e-05
1.31218e+02   4.08987e-05
1.32718e+02   3.89743e-05
1.34218e+02   3.72115e-05
1.35718e+02   3.55936e-05
1.37218e+02   3.41060e-05
1.38718e+02   3.27356e-05
1.40218e+02   3.14712e-05
1.41718e+02   3.03026e-05
1.43218e+02   2.92210e-05
1.44718e+02   2.82183e-05
1.46218e+02   2.72875e-05
1.47718e+02   2.64223e-05
1.49218e+02   2.56170e-05
1.50718e+02   2.48667e-05
1.52218e+02   2.41667e-05
1.53718e+02   2.35130e-05
1.55218e+02   2.29020e-05
1.56718e+02   2.23302e-05
1.58218e+02   2.17948e-05
1.59718e+02   2.12929e-05
1.61218e+02   2.08222e-05
1.62718e+02   2.03804e-05
1.64218e+02   1.99654e-05
1.65718e+02   1.95754e-05
1.67218e+02   1.92087e-05
1.68718e+02   1.88638e-05
1.70218e+02   1.85392e-05
1.71718e+02   1.82337e-05
1.73218e+02   1.79460e-05
1.74718e+02   1.76751e-05
1.76218e+02   1.74199e-05
1.77718e+02   1.71796e-05
1.79218e+02   1.69532e-05
1.80718e+02   1.67401e-05
1.82218e+02   1.65394e-05
1.83718e+02   1.63506e-05
1.85218e+02   1.61729e-05
1.86718e+02   1.60059e-05
1.88218e+02   1.58490e-05
1.89718e+02   1.57017e-05
1.91218e+02   1.55636e-05
1.92718e+02   1.54342e-05
1.94218e+02   1.53133e-05
1.95718e+02   1.52003e-05
1.97218e+02   1.50950e-05
1.98718e+02   1.49971e-05
2.00218e+02   1.49063e-05
2.01718e+02   1.48224e-05
2.03218e+02   1.47451e-05
2.04718e+02   1.46742e-05
2.06218e+02   1.46095e-05
2.07718e+02   1.45508e-05
2.09218e+02   1.44979e-05
2.10718e+02   1.44508e-05
2.12218e+02   1.44092e-05
2.13718e+02   1.43731e-05
2.15218e+02   1.43423e-05
2.16718e+02   1.43168e-05
2.18218e+02   1.42964e-05
2.19718e+02   1.42811e-05
2.21218e+02   1.42709e-05
2.22718e+02   1.42656e-05
2.24218e+02   1.42653e-05
2.25718e+02   1.42700e-05
2.27218e+02   1.42795e-05
2.28718e+02   1.42940e-05
2.30218e+02   1.43134e-05
2.31718e+02   1.43378e-05
2.33218e+02   1.43672e-05
2.34718e+02   1.44017e-05
2.36218e+02   1.44412e-05
2.37718e+02   1.44859e-05
2.39218e+02   1.45359e-05
2.40718e+02   1.45912e-05
2.42218e+02   1.46520e-05
2.43718e+02   1.47184e-05
2.45218e+02   1.47906e-05
2.46718e+02   1.48686e-05
2.48218e+02   1.49528e-05
2.49718e+02   1.50432e-05
2.51218e+02   1.51401e-05
2.52718e+02   1.52437e-05
2.54218e+02   1.53543e-05
2.55718e+02   1.54721e-05
2.57218e+02   1.55976e-05
2.58718e+02   1.57309e-05
2.60218e+02   1.58725e-05
2.61718e+02   1.60227e-05
2.63218e+02   1.61820e-05
2.64718e+02   1.63509e-05
2.66218e+02   1.65299e-05
2.67718e+02   1.67195e-05
2.69218e+02   1.69203e-05
2.70718e+02   1.71330e-05
2.72218e+02   1.73583e-05
2.73718e+02   1.75970e-05
2.75218e+02   1.78499e-05
2.76718e+02   1.81180e-05
2.78218e+02   1.84023e-05
2.79718e+02   1.87039e-05
2.81218e+02   1.90240e-05
2.82718e+02   1.93640e-05
2.84218e+02   1.97253e-05
2.85718e+02   2.01096e-05
2.87218e+02   2.05187e-05
2.88718e+02   2.09545e-05
2.90218e+02   2.14192e-05
2.91718e+02   2.19152e-05
2.93218e+02   2.24453e-05
2.94718e+02   2.30122e-05
2.96218e+02   2.36195e-05
2.97718e+02   2.42707e-05
2.99218e+02   2.49699e-05
3.00718e+02   2.57219e-05
3.02218e+02   2.65316e-05
3.03718e+02   2.74050e-05
3.05218e+02   2.83485e-05
3.06718e+02   2.93695e-05
3.08218e+02   3.04763e-05
3.09718e+02   3.16785e-05
3.11218e+02   3.29866e-05
3.12718e+02   3.44129e-05
3.14218e+02   3.59714e-05
3.15718e+02   3.76780e-05
3.17218e+02   3.95508e-05
3.18718e+02   4.16109e-05
3.20218e+02   4.38823e-05
3.21718e+02   4.63928e-05
3.23218e+02   4.91741e-05
3.24718e+02   5.22631e-05
3.26218e+02   5.57022e-05
3.27718e+02   5.95400e-05
3.29218e+02   6.38323e-05
3.30718e+02   6.86427e-05
3.32218e+02   7.40431e-05
3.33718e+02   8.01135e-05
3.35218e+02   8.69418e-05
3.36718e+02   9.46209e-05
3.38218e+02   1.03245e-04
3.39718e+02   1.12901e-04
3.41218e+02   1.23655e-04
3.42718e+02   1.35534e-04
3.44218e+02   1.48496e-04
3.45718e+02   1.62390e-04
3.47218e+02   1.76911e-04
3.48718e+02   1.91562e-04
3.50218e+02   2.05620e-04
3.51718e+02   2.18169e-04
3.53218e+02   2.28178e-04
3.54718e+02   2.34678e-04
3.56218e+02   2.36963e-04
3.57718e+02   2.34772e-04
3.59218e+02   2.28361e-04
3.60718e+02   2.18432e-04
3.62218e+02   2.05954e-04
3.63718e+02   1.91956e-04
3.65218e+02   1.77358e-04
3.66718e+02   1.62882e-04
3.68218e+02   1.49031e-04
3.69718e+02   1.36110e-04
3.71218e+02   1.24270e-04
3.72718e+02   1.13556e-04
3.74218e+02   1.03940e-04
3.75718e+02   9.53572e-05
3.77218e+02   8.77201e-05
3.78718e+02   8.09349e-05
3.80218e+02   7.49085e-05
3.81718e+02   6.95531e-05
3.83218e+02   6.47886e-05
3.84718e+02   6.05429e-05
3.86218e+02   5.67524e-05
3.87718e+02   5.33613e-05
3.89218e+02   5.03209e-05
3.90718e+02   4.75887e-05
3.92218e+02   4.51279e-05
3.93718e+02   4.29066e-05
3.95218e+02   4.08970e-05
3.96718e+02   3.90751e-05
3.98218e+02   3.74199e-05
3.99718e+02   3.59132e-05
4.01218e+02   3.45390e-05
4.02718e+02   3.32835e-05
4.04218e+02   3.21343e-05
4.05718e+02   3.10808e-05
4.07218e+02   3.01135e-05
4.08718e+02   2.92241e-05
4.10218e+02   2.84053e-05
4.11718e+02   2.76506e-05
4.13218e+02   2.69541e-05
4.14718e+02   2.63108e-05
4.16218e+02   2.57160e-05
4.17718e+02   2.51657e-05
4.19218e+02   2.46562e-05
4.20718e+02   2.41842e-05
4.22218e+02   2.37468e-05
4.23718e+02   2.33415e-05
4.25218e+02   2.29657e-05
4.26718e+02   2.26173e-05
4.28218e+02   2.22945e-05
4.29718e+02   2.19955e-05
4.31218e+02   2.17187e-05
4.32718e+02   2.14627e-05
4.34218e+02   2.12263e-05
4.35718e+02   2.10082e-05
4.37218e+02   2.08074e-05
4.38718e+02   2.06231e-05
4.40218e+02   2.04543e-05
4.41718e+02   2.03003e-05
4.43218e+02   2.01604e-05
4.44718e+02   2.00340e-05
4.46218e+02   1.99206e-05
4.47718e+02   1.98197e-05
4.49218e+02   1.97310e-05
4.50718e+02   1.96539e-05
4.52218e+02   1.95883e-05
4.53718e+02   1.95340e-05
4.55218e+02   1.94907e-05
4.56718e+02   1.94582e-05
4.58218e+02   1.94366e-05
4.59718e+02   1.94259e-05
4.61218e+02   1.94259e-05
4.62718e+02   1.94368e-05
4.64218e+02   1.94589e-05
4.65718e+02   1.94921e-05
4.67218e+02   1.95369e-05
4.68718e+02   1.95936e-05
4.70218e+02   1.96625e-05
4.71718e+02   1.97442e-05
4.73218e+02   1.98392e-05
4.74718e+02   1.99483e-05
4.76218e+02   2.00722e-05
4.77718e+02   2.02118e-05
4.79218e+02   2.03681e-05
4.80718e+02   2.05425e-05
4.82218e+02   2.07361e-05
4.83718e+02   2.09507e-05
4.85218e+02   2.11880e-05
4.86718e+02   2.14500e-05
4.88218e+02   2.17392e-05
4.89718e+02   2.20581e-05
4.91218e+02   2.24099e-05
4.92718e+02   2.27980e-05
4.94218e+02   2.32267e-05
4.95718e+02   2.37004e-05
4.97218e+02   2.42246e-05
4.98718e+02   2.48055e-05
5.00218e+02   2.54502e-05
5.01718e+02   2.61669e-05
5.03218e+02   2.69652e-05
5.04718e+02   2.78560e-05
5.06218e+02   2.88519e-05
5.07718e+02   2.99673e-05
5.09218e+02   3.12186e-05
5.10718e+02   3.26243e-05
5.12218e+02   3.42051e-05
5.13718e+02   3.59831e-05
5.15218e+02   3.79819e-05
5.16718e+02   4.02247e-05
5.18218e+02   4.27321e-05
5.19718e+02   4.55188e-05
5.21218e+02   4.85873e-05
5.22718e+02   5.19206e-05
5.24218e+02   5.54717e-05
5.25718e+02   5.91522e-05
5.27218e+02   6.28223e-05
5.28718e+02   6.62871e-05
5.30218e+02   6.93063e-05
5.31718e+02   7.16220e-05
5.33218e+02   7.30043e-05
5.34718e+02   7.33039e-05
5.36218e+02   7.24906e-05
5.37718e+02   7.06621e-05
5.39218e+02   6.80175e-05
5.40718e+02   6.48082e-05
5.42218e+02   6.12872e-05
5.43718e+02   5.76726e-05
5.45218e+02   5.41297e-05
5.46718e+02   5.07696e-05
5.48218e+02   4.76569e-05
5.49718e+02   4.48211e-05
5.51218e+02   4.22675e-05
5.52718e+02   3.99861e-05
5.54218e+02   3.79585e-05
5.55718e+02   3.61623e-05
5.57218e+02   3.45740e-05
5.58718e+02   3.31705e-05
5.60218e+02   3.19303e-05
5.61718e+02   3.08341e-05
5.63218e+02   2.98645e-05
5.64718e+02   2.90060e-05
5.66218e+02   2.82452e-05
5.67718e+02   2.75706e-05
5.69218e+02   2.69718e-05
5.70718e+02   2.64400e-05
5.72218e+02   2.59677e-05
5.73718e+02   2.55482e-05
5.75218e+02   2.51757e-05
5.76718e+02   2.48453e-05
5.78218e+02   2.45525e-05
5.79718e+02   2.42937e-05
5.81218e+02   2.40655e-05
5.82718e+02   2.38649e-05
5.84218e+02   2.36896e-05
5.85718e+02   2.35373e-05
5.87218e+02   2.34061e-05
5.88718e+02   2.32942e-05
5.90218e+02   2.32003e-05
5.91718e+02   2.31230e-05
5.93218e+02   2.30611e-05
5.94718e+02   2.30138e-05
5.96218e+02   2.29801e-05
5.97718e+02   2.29593e-05
5.99218e+02   2.29508e-05
6.00718e+02   2.29541e-05
6.02218e+02   2.29686e-05
6.03718e+02   2.29942e-05
6.05218e+02   2.30304e-05
6.06718e+02   2.30772e-05
6.08218e+02   2.31344e-05
6.09718e+02   2.32019e-05
6.11218e+02   2.32798e-05
6.12718e+02   2.33682e-05
6.14218e+02   2.34673e-05
6.15718e+02   2.35775e-05
6.17218e+02   2.36990e-05
6.18718e+02   2.38324e-05
6.20218e+02   2.39783e-05
6.21718e+02   2.41373e-05
6.23218e+02   2.43104e-05
6.24718e+02   2.44986e-05
6.26218e+02   2.47030e-05
6.27718e+02   2.49251e-05
6.29218e+02   2.51666e-05
6.30718e+02   2.54293e-05
6.32218e+02   2.57155e-05
6.33718e+02   2.60277e-05
6.35218e+02   2.63689e-05
6.36718e+02   2.67425e-05
6.38218e+02   2.71526e-05
6.39718e+02   2.76035e-05
6.41218e+02   2.81003e-05
6.42718e+02   2.86485e-05
6.44218e+02   2.92543e-05
6.45718e+02   2.99239e-05
6.47218e+02   3.06636e-05
6.48718e+02   3.14788e-05
6.50218e+02   3.23733e-05
6.51718e+02   3.33473e-05
6.53218e+02   3.43960e-05
6.54718e+02   3.55062e-05
6.56218e+02   3.66541e-05
6.57718e+02   3.78026e-05
6.59218e+02   3.89012e-05
6.60718e+02   3.98897e-05
6.62218e+02   4.07062e-05
6.63718e+02   4.12991e-05
6.65218e+02   4.16405e-05
6.66718e+02   4.17339e-05
6.68218e+02   4.16144e-05
6.69718e+02   4.13401e-05
6.71218e+02   4.09796e-05
6.72718e+02   4.05995e-05
6.74218e+02   4.02569e-05
6.75718e+02   3.99956e-05
6.77218e+02   3.98461e-05
6.78718e+02   3.98276e-05
6.80218e+02   3.99504e-05
6.81718e+02   4.02166e-05
6.83218e+02   4.06212e-05
6.84718e+02   4.11507e-05
6.86218e+02   4.17818e-05
6.87718e+02   4.24790e-05
6.89218e+02   4.31932e-05
6.90718e+02   4.38632e-05
6.92218e+02   4.44203e-05
6.93718e+02   4.47986e-05
6.95218e+02   4.49480e-05
6.96718e+02   4.48452e-05
6.98218e+02   4.45000e-05
6.99718e+02   4.39511e-05
7.01218e+02   4.32558e-05
7.02718e+02   4.24769e-05
7.04218e+02   4.16716e-05
7.05718e+02   4.08853e-05
7.07218e+02   4.01499e-05
7.08718e+02   3.94850e-05
7.10218e+02   3.89001e-05
7.11718e+02   3.83981e-05
7.13218e+02   3.79772e-05
7.14718e+02   3.76330e-05
7.16218e+02   3.73600e-05
7.17718e+02   3.71519e-05
7.19218e+02   3.70029e-05
7.20718e+02   3.69072e-05
7.22218e+02   3.68597e-05
7.23718e+02   3.68559e-05
7.25218e+02   3.68918e-05
7.26718e+02   3.69639e-05
7.28218e+02   3.70694e-05
7.29718e+02   3.72058e-05
7.31218e+02   3.73710e-05
7.32718e+02   3.75632e-05
7.34218e+02   3.77812e-05
7.35718e+02   3.80237e-05
7.37218e+02   3.82900e-05
7.38718e+02   3.85795e-05
7.40218e+02   3.88917e-05
7.41718e+02   3.92264e-05
7.43218e+02   3.95837e-05
7.44718e+02   3.99637e-05
7.46218e+02   4.03668e-05
7.47718e+02   4.07934e-05
7.49218e+02   4.12443e-05
7.50718e+02   4.17204e-05
7.52218e+02   4.22226e-05
7.53718e+02   4.27524e-05
7.55218e+02   4.33112e-05
7.56718e+02   4.39007e-05
7.58218e+02   4.45229e-05
7.59718e+02   4.51801e-05
7.61218e+02   4.58749e-05
7.62718e+02   4.66103e-05
7.64218e+02   4.73898e-05
7.65718e+02   4.82172e-05
7.67218e+02   4.90969e-05
7.68718e+02   5.00341e-05
7.70218e+02   5.10345e-05
7.71718e+02   5.21047e-05
7.73218e+02   5.32525e-05
7.74718e+02   5.44865e-05
7.76218e+02   5.58169e-05
7.77718e+02   5.72550e-05
7.79218e+02   5.88144e-05
7.80718e+02   6.05101e-05
7.82218e+02   6.23597e-05
7.83718e+02   6.43832e-05
7.85218e+02   6.66031e-05
7.86718e+02   6.90449e-05
7.88218e+02   7.17367e-05
7.89718e+02   7.47090e-05
7.91218e+02   7.79933e-05
7.92718e+02   8.16209e-05
7.94218e+02   8.56191e-05
7.95718e+02   9.00064e-05
7.97218e+02   9.47848e-05
7.98718e+02   9.99295e-05
8.00218e+02   1.05376e-04
8.01718e+02   1.11005e-04
8.03218e+02   1.16634e-04
8.04718e+02   1.22012e-04
8.06218e+02   1.26832e-04
8.07718e+02   1.30773e-04
8.09218e+02   1.33546e-04
8.10718e+02   1.34958e-04
8.12218e+02   1.34959e-04
8.13718e+02   1.33652e-04
8.15218e+02   1.31272e-04
8.16718e+02   1.28130e-04
8.18218e+02   1.24554e-04
8.19718e+02   1.20838e-04
8.21218e+02   1.17215e-04
8.22718e+02   1.13850e-04
8.24218e+02   1.10845e-04
8.25718e+02   1.08254e-04
8.27218e+02   1.06093e-04
8.28718e+02   1.04360e-04
8.30218e+02   1.03036e-04
8.31718e+02   1.02097e-04
8.33218e+02   1.01516e-04
8.34718e+02   1.01269e-04
8.36218e+02   1.01333e-04
8.37718e+02   1.01685e-04
8.39218e+02   1.02311e-04
8.40718e+02   1.03196e-04
8.42218e+02   1.04330e-04
8.43718e+02   1.05706e-04
8.45218e+02   1.07321e-04
8.46718e+02   1.09174e-04
8.48218e+02   1.11267e-04
8.49718e+02   1.13605e-04
8.51218e+02   1.16196e-04
8.52718e+02   1.19051e-04
8.54218e+02   1.22185e-04
8.55718e+02   1.25613e-04
8.57218e+02   1.29359e-04
8.58718e+02   1.33445e-04
8.60218e+02   1.37902e-04
8.61718e+02   1.42764e-04
8.63218e+02   1.48071e-04
8.64718e+02   1.53868e-04
8.66218e+02   1.60208e-04
8.67718e+02   1.67153e-04
8.69218e+02   1.74773e-04
8.70718e+02   1.83148e-04
8.72218e+02   1.92369e-04
8.73718e+02   2.02539e-04
8.75218e+02   2.13774e-04
8.76718e+02   2.26200e-04
8.78218e+02   2.39953e-04
8.79718e+02   2.55174e-04
8.81218e+02   2.71997e-04
8.82718e+02   2.90540e-04
8.84218e+02   3.10879e-04
8.85718e+02   3.33017e-04
8.87218e+02   3.56844e-04
8.88718e+02   3.82093e-04
8.90218e+02   4.08302e-04
8.91718e+02   4.34803e-04
8.93218e+02   4.60765e-04
8.94718e+02   4.85316e-04
8.96218e+02   5.07720e-04
8.97718e+02   5.27580e-04
8.99218e+02   5.44966e-04
9.00718e+02   5.60415e-04
9.02218e+02   5.74782e-04
9.03718e+02   5.88998e-04
9.05218e+02   6.03834e-04
9.06718e+02   6.19728e-04
9.08218e+02   6.36718e-04
9.09718e+02   6.54496e-04
9.11218e+02   6.72537e-04
9.12718e+02   6.90298e-04
9.14218e+02   7.07395e-04
9.15718e+02   7.23717e-04
9.17218e+02   7.39449e-04
9.18718e+02   7.55032e-04
9.20218e+02   7.71104e-04
9.21718e+02   7.88446e-04
9.23218e+02   8.07908e-04
9.24718e+02   8.30298e-04
9.26218e+02   8.56208e-04
9.27718e+02   8.85809e-04
9.29218e+02   9.18655e-04
9.30718e+02   9.53543e-04
9.32218e+02   9.88475e-04
9.33718e+02   1.02081e-03
9.35218e+02   1.04765e-03
9.36718e+02   1.06639e-03
9.38218e+02   1.07541e-03
9.39718e+02   1.07451e-03
9.41218e+02   1.06505e-03
9.42718e+02   1.04957e-03
9.44218e+02   1.03127e-03
9.45718e+02   1.01330e-03
9.47218e+02   9.98352e-04
9.48718e+02   9.88380e-04
9.50218e+02   9.84475e-04
9.51718e+02   9.86861e-04
9.53218e+02   9.94885e-04
9.54718e+02   1.00702e-03
9.56218e+02   1.02093e-03
9.57718e+02   1.03359e-03
9.59218e+02   1.04165e-03
9.60718e+02   1.04199e-03
9.62218e+02   1.03236e-03
9.63718e+02   1.01188e-03
9.65218e+02   9.81254e-04
9.66718e+02   9.42492e-04
9.68218e+02   8.98383e-04
9.69718e+02   8.51862e-04
9.71218e+02   8.05541e-04
9.72718e+02   7.61457e-04
9.74218e+02   7.21020e-04
9.75718e+02   6.85096e-04
9.77218e+02   6.54136e-04
9.78718e+02   6.28310e-04
9.80218e+02   6.07618e-04
9.81718e+02   5.91976e-04
9.83218e+02   5.81272e-04
9.84718e+02   5.75400e-04
9.86218e+02   5.74279e-04
9.87718e+02   5.77849e-04
9.89218e+02   5.86066e-04
9.90718e+02   5.98864e-04
9.92218e+02   6.16109e-04
9.93718e+02   6.37530e-04
9.95218e+02   6.62618e-04
9.96718e+02   6.90518e-04
9.98218e+02   7.19919e-04
9.99718e+02   7.48987e-04
1.00122e+03   7.75411e-04
1.00272e+03   7.96615e-04
1.00422e+03   8.10150e-04
1.00572e+03   8.14208e-04
1.00722e+03   8.08061e-04
1.00872e+03   7.92251e-04
1.01022e+03   7.68434e-04
1.01172e+03   7.38950e-04
1.01322e+03   7.06310e-04
1.01472e+03   6.72782e-04
1.01622e+03   6.40163e-04
1.01772e+03   6.09715e-04
1.01922e+03   5.82223e-04
1.02072e+03   5.58099e-04
1.02222e+03   5.37493e-04
1.02372e+03   5.20388e-04
1.02522e+03   5.06676e-04
1.02672e+03   4.96206e-04
1.02822e+03   4.88817e-04
1.02972e+03   4.84365e-04
1.03122e+03   4.82727e-04
1.03272e+03   4.83819e-04
1.03422e+03   4.87589e-04
1.03572e+03   4.94028e-04
1.03722e+03   5.03168e-04
1.03872e+03   5.15085e-04
1.04022e+03   5.29900e-04
1.04172e+03   5.47783e-04
1.04322e+03   5.68956e-04
1.04472e+03   5.93694e-04
1.04622e+03   6.22337e-04
1.04772e+03   6.55288e-04
1.04922e+03   6.93021e-04
1.05072e+03   7.36082e-04
1.05222e+03   7.85092e-04
1.05372e+03   8.40741e-04
1.05522e+03   9.03770e-04
1.05672e+03   9.74938e-04
1.05822e+03   1.05497e-03
1.05972e+03   1.14444e-03
1.06122e+03   1.24368e-03
1.06272e+03   1.35248e-03
1.06422e+03   1.46992e-03
1.06572e+03   1.59399e-03
1.06722e+03   1.72135e-03
1.06872e+03   1.84720e-03
1.07022e+03   1.96552e-03
1.07172e+03   2.06980e-03
1.07322e+03   2.15416e-03
1.07472e+03   2.21471e-03
1.07622e+03   2.25048e-03
1.07772e+03   2.26359e-03
1.07922e+03   2.25836e-03
1.08072e+03   2.23993e-03
1.08222e+03   2.21293e-03
1.08372e+03   2.18059e-03
1.08522e+03   2.14470e-03
1.08672e+03   2.10607e-03
1.08822e+03   2.06526e-03
1.08972e+03   2.02311e-03
1.09122e+03   1.98086e-03
1.09272e+03   1.93971e-03
1.09422e+03   1.90026e-03
1.09572e+03   1.86197e-03
1.09722e+03   1.82297e-03
1.09872e+03   1.78032e-03
1.10022e+03   1.73074e-03
1.10172e+03   1.67152e-03
1.10322e+03   1.60141e-03
1.10472e+03   1.52101e-03
1.10622e+03   1.43255e-03
1.10772e+03   1.33930e-03
1.10922e+03   1.24474e-03
1.11072e+03   1.15199e-03
1.11222e+03   1.06338e-03
1.11372e+03   9.80480e-04
1.11522e+03   9.04093e-04
1.11672e+03   8.34482e-04
1.11822e+03   7.71523e-04
1.11972e+03   7.14858e-04
1.12122e+03   6.63999e-04
1.12272e+03   6.18410e-04
1.12422e+03   5.77551e-04
1.12572e+03   5.40908e-04
1.12722e+03   5.08006e-04
1.12872e+03   4.78414e-04
1.13022e+03   4.51750e-04
1.13172e+03   4.27677e-04
1.13322e+03   4.05897e-04
1.13472e+03   3.86149e-04
1.13622e+03   3.68208e-04
1.13772e+03   3.51873e-04
1.13922e+03   3.36973e-04
1.14072e+03   3.23355e-04
1.14222e+03   3.10886e-04
1.14372e+03   2.99451e-04
1.14522e+03   2.88947e-04
1.14672e+03   2.79283e-04
1.14822e+03   2.70382e-04
1.14972e+03   2.62171e-04
1.15122e+03   2.54589e-04
1.15272e+03   2.47581e-04
1.15422e+03   2.41098e-04
1.15572e+03   2.35095e-04
1.15722e+03   2.29534e-04
1.15872e+03   2.24379e-04
1.16022e+03   2.19600e-04
1.16172e+03   2.15166e-04
1.16322e+03   2.11054e-04
1.16472e+03   2.07240e-04
1.16622e+03   2.03703e-04
1.16772e+03   2.00425e-04
1.16922e+03   1.97389e-04
1.17072e+03   1.94578e-04
1.17222e+03   1.91979e-04
1.17372e+03   1.89580e-04
1.17522e+03   1.87368e-04
1.17672e+03   1.85333e-04
1.17822e+03   1.83465e-04
1.17972e+03   1.81756e-04
1.18122e+03   1.80197e-04
1.18272e+03   1.78782e-04
1.18422e+03   1.77502e-04
1.18572e+03   1.76353e-04
1.18722e+03   1.75329e-04
1.18872e+03   1.74424e-04
1.19022e+03   1.73634e-04
1.19172e+03   1.72954e-04
1.19322e+03   1.72381e-04
1.19472e+03   1.71912e-04
1.19622e+03   1.71542e-04
1.19772e+03   1.71270e-04
1.19922e+03   1.71092e-04
1.20072e+03   1.71006e-04
1.20222e+03   1.71010e-04
1.20372e+03   1.71103e-04
1.20522e+03   1.71283e-04
1.20672e+03   1.71548e-04
1.20822e+03   1.71897e-04
1.20972e+03   1.72330e-04
1.21122e+03   1.72845e-04
1.21272e+03   1.73441e-04
1.21422e+03   1.74120e-04
1.21572e+03   1.74879e-04
1.21722e+03   1.75720e-04
1.21872e+03   1.76641e-04
1.22022e+03   1.77645e-04
1.22172e+03   1.78730e-04
1.22322e+03   1.79897e-04
1.22472e+03   1.81148e-04
1.22622e+03   1.82483e-04
1.22772e+03   1.83903e-04
1.22922e+03   1.85410e-04
1.23072e+03   1.87004e-04
1.23222e+03   1.88688e-04
1.23372e+03   1.90463e-04
1.23522e+03   1.92332e-04
1.23672e+03   1.94295e-04
1.23822e+03   1.96357e-04
1.23972e+03   1.98519e-04
1.24122e+03   2.00784e-04
1.24272e+03   2.03156e-04
1.24422e+03   2.05637e-04
1.24572e+03   2.08231e-04
1.24722e+03   2.10941e-04
1.24872e+03   2.13773e-04
1.25022e+03   2.16730e-04
1.25172e+03   2.19817e-04
1.25322e+03   2.23039e-04
1.25472e+03   2.26402e-04
1.25622e+03   2.29912e-04
1.25772e+03   2.33574e-04
1.25922e+03   2.37395e-04
1.26072e+03   2.41384e-04
1.26222e+03   2.45547e-04
1.26372e+03   2.49892e-04
1.26522e+03   2.54430e-04
1.26672e+03   2.59168e-04
1.26822e+03   2.64119e-04
1.26972e+03   2.69293e-04
1.27122e+03   2.74701e-04
1.27272e+03   2.80357e-04
1.27422e+03   2.86275e-04
1.27572e+03   2.92470e-04
1.27722e+03   2.98958e-04
1.27872e+03   3.05757e-04
1.28022e+03   3.12886e-04
1.28172e+03   3.20366e-04
1.28322e+03   3.28219e-04
1.28472e+03   3.36469e-04
1.28622e+03   3.45144e-04
1.28772e+03   3.54272e-04
1.28922e+03   3.63885e-04
1.29072e+03   3.74018e-04
1.29222e+03   3.84708e-04
1.29372e+03   3.95998e-04
1.29522e+03   4.07932e-04
1.29672e+03   4.20562e-04
1.29822e+03   4.33941e-04
1.29972e+03   4.48133e-04
1.30122e+03   4.63203e-04
1.30272e+03   4.79228e-04
1.30422e+03   4.96291e-04
1.30572e+03   5.14483e-04
1.30722e+03   5.33908e-04
1.30872e+03   5.54682e-04
1.31022e+03   5.76933e-04
1.31172e+03   6.00807e-04
1.31322e+03   6.26466e-04
1.31472e+03   6.54095e-04
1.31622e+03   6.83900e-04
1.31772e+03   7.16116e-04
1.31922e+03   7.51011e-04
1.32072e+03   7.88888e-04
1.32222e+03   8.30091e-04
1.32372e+03   8.75017e-04
1.32522e+03   9.24117e-04
1.32672e+03   9.77909e-04
1.32822e+03   1.03699e-03
1.32972e+03   1.10203e-03
1.33122e+03   1.17383e-03
1.33272e+03   1.25327e-03
1.33422e+03   1.34139e-03
1.33572e+03   1.43935e-03
1.33722e+03   1.54848e-03
1.33872e+03   1.67025e-03
1.34022e+03   1.80629e-03
1.34172e+03   1.95834e-03
1.34322e+03   2.12821e-03
1.34472e+03   2.31762e-03
1.34622e+03   2.52803e-03
1.34772e+03   2.76032e-03
1.34922e+03   3.01434e-03
1.35072e+03   3.28829e-03
1.35222e+03   3.57806e-03
1.35372e+03   3.87652e-03
1.35522e+03   4.17322e-03
1.35672e+03   4.45471e-03
1.35822e+03   4.70599e-03
1.35972e+03   4.91322e-03
1.36122e+03   5.06687e-03
1.36272e+03   5.16452e-03
1.36422e+03   5.21172e-03
1.36572e+03   5.22072e-03
1.36722e+03   5.20724e-03
1.36872e+03   5.18678e-03
1.37022e+03   5.17144e-03
1.37172e+03   5.16788e-03
1.37322e+03   5.17630e-03
1.37472e+03   5.19052e-03
1.37622e+03   5.19894e-03
1.37772e+03   5.18670e-03
1.37922e+03   5.13876e-03
1.38072e+03   5.04349e-03
1.38222e+03   4.89572e-03
1.38372e+03   4.69795e-03
1.38522e+03   4.45942e-03
1.38672e+03   4.19342e-03
1.38822e+03   3.91424e-03
1.38972e+03   3.63461e-03
1.39122e+03   3.36440e-03
1.39272e+03   3.11030e-03
1.39422e+03   2.87611e-03
1.39572e+03   2.66345e-03
1.39722e+03   2.47242e-03
1.39872e+03   2.30211e-03
1.40022e+03   2.15111e-03
1.40172e+03   2.01776e-03
1.40322e+03   1.90032e-03
1.40472e+03   1.79715e-03
1.40622e+03   1.70668e-03
1.40772e+03   1.62754e-03
1.40922e+03   1.55847e-03
1.41072e+03   1.49838e-03
1.41222e+03   1.44633e-03
1.41372e+03   1.40149e-03
1.41522e+03   1.36315e-03
1.41672e+03   1.33071e-03
1.41822e+03   1.30364e-03
1.41972e+03   1.28151e-03
1.42122e+03   1.26394e-03
1.42272e+03   1.25062e-03
1.42422e+03   1.24129e-03
1.42572e+03   1.23574e-03
1.42722e+03   1.23379e-03
1.42872e+03   1.23532e-03
1.43022e+03   1.24023e-03
1.43172e+03   1.24845e-03
1.43322e+03   1.25996e-03
1.43472e+03   1.27474e-03
1.43622e+03   1.29284e-03
1.43772e+03   1.31428e-03
1.43922e+03   1.33917e-03
1.44072e+03   1.36760e-03
1.44222e+03   1.39973e-03
1.44372e+03   1.43571e-03
1.44522e+03   1.47576e-03
1.44672e+03   1.52012e-03
1.44822e+03   1.56906e-03
1.44972e+03   1.62292e-03
1.45122e+03   1.68206e-03
1.45272e+03   1.74691e-03
1.45422e+03   1.81797e-03
1.45572e+03   1.89578e-03
1.45722e+03   1.98098e-03
1.45872e+03   2.07430e-03
1.46022e+03   2.17655e-03
1.46172e+03   2.28868e-03
1.46322e+03   2.41177e-03
1.46472e+03   2.54704e-03
1.46622e+03   2.69591e-03
1.46772e+03   2.85999e-03
1.46922e+03   3.04114e-03
1.47072e+03   3.24151e-03
1.47222e+03   3.46356e-03
1.47372e+03   3.71014e-03
1.47522e+03   3.98451e-03
1.47672e+03   4.29047e-03
1.47822e+03   4.63235e-03
1.47972e+03   5.01516e-03
1.48122e+03   5.44459e-03
1.48272e+03   5.92712e-03
1.48422e+03   6.47000e-03
1.48572e+03   7.08124e-03
1.48722e+03   7.76942e-03
1.48872e+03   8.54340e-03
1.49022e+03   9.41167e-03
1.49172e+03   1.03813e-02
1.49322e+03   1.14564e-02
1.49472e+03   1.26354e-02
1.49622e+03   1.39082e-02
1.49772e+03   1.52517e-02
1.49922e+03   1.66255e-02
1.50072e+03   1.79693e-02
1.50222e+03   1.92025e-02
1.50372e+03   2.02308e-02
1.50522e+03   2.09589e-02
1.50672e+03   2.13100e-02
1.50822e+03   2.12440e-02
1.50972e+03   2.07684e-02
1.51122e+03   1.99362e-02
1.51272e+03   1.88322e-02
1.51422e+03   1.75530e-02
1.51572e+03   1.61899e-02
1.51722e+03   1.48175e-02
1.51872e+03   1.34900e-02
1.52022e+03   1.22418e-02
1.52172e+03   1.10917e-02
1.52322e+03   1.00468e-02
1.52472e+03   9.10645e-03
1.52622e+03   8.26558e-03
1.52772e+03   7.51648e-03
1.52922e+03   6.85047e-03
1.53072e+03   6.25871e-03
1.53222e+03   5.73278e-03
1.53372e+03   5.26491e-03
1.53522e+03   4.84807e-03
1.53672e+03   4.47604e-03
1.53822e+03   4.14336e-03
1.53972e+03   3.84523e-03
1.54122e+03   3.57751e-03
1.54272e+03   3.33658e-03
1.54422e+03   3.11932e-03
1.54572e+03   2.92303e-03
1.54722e+03   2.74536e-03
1.54872e+03   2.58429e-03
1.55022e+03   2.43805e-03
1.55172e+03   2.30513e-03
1.55322e+03   2.18420e-03
1.55472e+03   2.07414e-03
1.55622e+03   1.97396e-03
1.55772e+03   1.88281e-03
1.55922e+03   1.79997e-03
1.56072e+03   1.72483e-03
1.56222e+03   1.65688e-03
1.56372e+03   1.59569e-03
1.56522e+03   1.54093e-03
1.56672e+03   1.49233e-03
1.56822e+03   1.44971e-03
1.56972e+03   1.41295e-03
1.57122e+03   1.38198e-03
1.57272e+03   1.35680e-03
1.57422e+03   1.33742e-03
1.57572e+03   1.32385e-03
1.57722e+03   1.31609e-03
1.57872e+03   1.31399e-03
1.58022e+03   1.31725e-03
1.58172e+03   1.32523e-03
1.58322e+03   1.33683e-03
1.58472e+03   1.35041e-03
1.58622e+03   1.36365e-03
1.58772e+03   1.37366e-03
1.58922e+03   1.37728e-03
1.59072e+03   1.37157e-03
1.59222e+03   1.35441e-03
1.59372e+03   1.32505e-03
1.59522e+03   1.28429e-03
1.59672e+03   1.23423e-03
1.59822e+03   1.17771e-03
1.59972e+03   1.11774e-03
1.60122e+03   1.05696e-03
1.60272e+03   9.97442e-04
1.60422e+03   9.40583e-04
1.60572e+03   8.87214e-04
1.60722e+03   8.37724e-04
1.60872e+03   7.92187e-04
1.61022e+03   7.50482e-04
1.61172e+03   7.12374e-04
1.61322e+03   6.77573e-04
1.61472e+03   6.45771e-04
1.61622e+03   6.16667e-04
1.61772e+03   5.89976e-04
1.61922e+03   5.65440e-04
1.62072e+03   5.42825e-04
1.62222e+03   5.21923e-04
1.62372e+03   5.02552e-04
1.62522e+03   4.84550e-04
1.62672e+03   4.67776e-04
1.62822e+03   4.52106e-04
1.62972e+03   4.37432e-04
1.63122e+03   4.23659e-04
1.63272e+03   4.10702e-04
1.63422e+03   3.98487e-04
1.63572e+03   3.86950e-04
1.63722e+03   3.76033e-04
1.63872e+03   3.65684e-04
1.64022e+03   3.55857e-04
1.64172e+03   3.46513e-04
1.64322e+03   3.37614e-04
1.64472e+03   3.29128e-04
1.64622e+03   3.21024e-04
1.64772e+03   3.13278e-04
1.64922e+03   3.05863e-04
1.65072e+03   2.98759e-04
1.65222e+03   2.91946e-04
1.65372e+03   2.85405e-04
1.65522e+03   2.79120e-04
1.65672e+03   2.73076e-04
1.65822e+03   2.67259e-04
1.65972e+03   2.61655e-04
1.66122e+03   2.56254e-04
1.66272e+03   2.51043e-04
1.66422e+03   2.46014e-04
1.66572e+03   2.41157e-04
1.66722e+03   2.36462e-04
1.66872e+03   2.31923e-04
1.67022e+03   2.27530e-04
1.67172e+03   2.23279e-04
1.67322e+03   2.19160e-04
1.67472e+03   2.15170e-04
1.67622e+03   2.11301e-04
1.67772e+03   2.07549e-04
1.67922e+03   2.03908e-04
1.68072e+03   2.00373e-04
1.68222e+03   1.96941e-04
1.68372e+03   1.93606e-04
1.68522e+03   1.90366e-04
1.68672e+03   1.87215e-04
1.68822e+03   1.84151e-04
1.68972e+03   1.81170e-04
1.69122e+03   1.78268e-04
1.69272e+03   1.75444e-04
1.69422e+03   1.72693e-04
1.69572e+03   1.70014e-04
1.69722e+03   1.67403e-04
1.69872e+03   1.64859e-04
1.70022e+03   1.62378e-04
1.70172e+03   1.59959e-04
1.70322e+03   1.57599e-04
1.70472e+03   1.55296e-04
1.70622e+03   1.53049e-04
1.70772e+03   1.50856e-04
1.70922e+03   1.48714e-04
1.71072e+03   1.46622e-04
1.71222e+03   1.44579e-04
1.71372e+03   1.42583e-04
1.71522e+03   1.40632e-04
1.71672e+03   1.38725e-04
1.71822e+03   1.36860e-04
1.71972e+03   1.35037e-04
1.72122e+03   1.33254e-04
1.72272e+03   1.31509e-04
1.72422e+03   1.29803e-04
1.72572e+03   1.28133e-04
1.72722e+03   1.26498e-04
1.72872e+03   1.24898e-04
1.73022e+03   1.23331e-04
1.73172e+03   1.21796e-04
1.73322e+03   1.20294e-04
1.73472e+03   1.18821e-04
1.73622e+03   1.17379e-04
1.73772e+03   1.15966e-04
1.73922e+03   1.14581e-04
1.74072e+03   1.13223e-04
1.74222e+03   1.11892e-04
1.74372e+03   1.10587e-04
1.74522e+03   1.09307e-04
1.74672e+03   1.08052e-04
1.74822e+03   1.06821e-04
1.74972e+03   1.05613e-04
1.75122e+03   1.04428e-04
1.75272e+03   1.03265e-04
1.75422e+03   1.02124e-04
1.75572e+03   1.01004e-04
1.75722e+03   9.99040e-05
1.75872e+03   9.88244e-05
1.76022e+03   9.77644e-05
1.76172e+03   9.67235e-05
1.76322e+03   9.57011e-05
1.76472e+03   9.46970e-05
1.76622e+03   9.37106e-05
1.76772e+03   9.27414e-05
1.76922e+03   9.17892e-05
1.77072e+03   9.08535e-05
1.77222e+03   8.99340e-05
1.77372e+03   8.90301e-05
1.77522e+03   8.81417e-05
1.77672e+03   8.72683e-05
1.77822e+03   8.64096e-05
1.77972e+03   8.55653e-05
1.78122e+03   8.47350e-05
1.78272e+03   8.39185e-05
1.78422e+03   8.31154e-05
1.78572e+03   8.23255e-05
1.78722e+03   8.15484e-05
1.78872e+03   8.07839e-05
1.79022e+03   8.00317e-05
1.79172e+03   7.92915e-05
1.79322e+03   7.85631e-05
1.79472e+03   7.78463e-05
1.79622e+03   7.71407e-05
1.79772e+03   7.64463e-05
1.79922e+03   7.57626e-05
1.80072e+03   7.50896e-05
1.80222e+03   7.44270e-05
1.80372e+03   7.37745e-05
1.80522e+03   7.31320e-05
1.80672e+03   7.24993e-05
1.80822e+03   7.18762e-05
1.80972e+03   7.12625e-05
1.81122e+03   7.06579e-05
1.81272e+03   7.00624e-05
1.81422e+03   6.94758e-05
1.81572e+03   6.88978e-05
1.81722e+03   6.83283e-05
1.81872e+03   6.77671e-05
1.82022e+03   6.72141e-05
1.82172e+03   6.66692e-05
1.82322e+03   6.61321e-05
1.82472e+03   6.56028e-05
1.82622e+03   6.50810e-05
1.82772e+03   6.45667e-05
1.82922e+03   6.40597e-05
1.83072e+03   6.35598e-05
1.83222e+03   6.30670e-05
1.83372e+03   6.25811e-05
1.83522e+03   6.21020e-05
1.83672e+03   6.16295e-05
1.83822e+03   6.11636e-05
1.83972e+03   6.07041e-05
1.84122e+03   6.02509e-05
1.84272e+03   5.98039e-05
1.84422e+03   5.93630e-05
1.84572e+03   5.89280e-05
1.84722e+03   5.84990e-05
1.84872e+03   5.80757e-05
1.85022e+03   5.76581e-05
1.85172e+03   5.72461e-05
1.85322e+03   5.68396e-05
1.85472e+03   5.64384e-05
1.85622e+03   5.60426e-05
1.85772e+03   5.56520e-05
1.85922e+03   5.52665e-05
1.86072e+03   5.48860e-05
1.86222e+03   5.45105e-05
1.86372e+03   5.41399e-05
1.86522e+03   5.37740e-05
1.86672e+03   5.34129e-05
1.86822e+03   5.30564e-05
1.86972e+03   5.27044e-05
1.87122e+03   5.23570e-05
1.87272e+03   5.20140e-05
1.87422e+03   5.16753e-05
1.87572e+03   5.13409e-05
1.87722e+03   5.10107e-05
1.87872e+03   5.06847e-05
1.88022e+03   5.03627e-05
1.88172e+03   5.00448e-05
1.88322e+03   4.97308e-05
1.88472e+03   4.94207e-05
1.88622e+03   4.91144e-05
1.88772e+03   4.88119e-05
1.88922e+03   4.85131e-05
1.89072e+03   4.82180e-05
1.89222e+03   4.79265e-05
1.89372e+03   4.76386e-05
1.89522e+03   4.73541e-05
1.89672e+03   4.70731e-05
1.89822e+03   4.67955e-05
1.89972e+03   4.65212e-05
1.90122e+03   4.62502e-05
1.90272e+03   4.59825e-05
1.90422e+03   4.57180e-05
1.90572e+03   4.54566e-05
1.90722e+03   4.51984e-05
1.90872e+03   4.49432e-05
1.91022e+03   4.46910e-05
1.91172e+03   4.44418e-05
1.91322e+03   4.41955e-05
1.91472e+03   4.39522e-05
1.91622e+03   4.37116e-05
1.91772e+03   4.34740e-05
1.91922e+03   4.32390e-05
1.92072e+03   4.30068e-05
1.92222e+03   4.27774e-05
1.92372e+03   4.25505e-05
1.92522e+03   4.23263e-05
1.92672e+03   4.21047e-05
1.92822e+03   4.18857e-05
1.92972e+03   4.16691e-05
1.93122e+03   4.14551e-05
1.93272e+03   4.12435e-05
1.93422e+03   4.10343e-05
1.93572e+03   4.08276e-05
1.93722e+03   4.06231e-05
1.93872e+03   4.04211e-05
1.94022e+03   4.02213e-05
1.94172e+03   4.00237e-05
1.94322e+03   3.98284e-05
1.94472e+03   3.96354e-05
1.94622e+03   3.94445e-05
1.94772e+03   3.92557e-05
1.94922e+03   3.90691e-05
1.95072e+03   3.88846e-05
1.95222e+03   3.87021e-05
1.95372e+03   3.85217e-05
1.95522e+03   3.83433e-05
1.95672e+03   3.81669e-05
1.95822e+03   3.79925e-05
1.95972e+03   3.78201e-05
1.96122e+03   3.76495e-05
1.96272e+03   3.74809e-05
1.96422e+03   3.73141e-05
1.96572e+03   3.71492e-05
1.96722e+03   3.69861e-05
1.96872e+03   3.68248e-05
1.97022e+03   3.66653e-05
1.97172e+03   3.65076e-05
1.97322e+03   3.63517e-05
1.97472e+03   3.61974e-05
1.97622e+03   3.60449e-05
1.97772e+03   3.58940e-05
1.97922e+03   3.57448e-05
1.98072e+03   3.55973e-05
1.98222e+03   3.54514e-05
1.98372e+03   3.53071e-05
1.98522e+03   3.51644e-05
1.98672e+03   3.50233e-05
1.98822e+03   3.48837e-05
1.98972e+03   3.47457e-05
1.99122e+03   3.46092e-05
1.99272e+03   3.44741e-05
1.99422e+03   3.43406e-05
1.99572e+03   3.42086e-05
1.99722e+03   3.40780e-05
1.99872e+03   3.39488e-05
2.00022e+03   3.38211e-05
2.00172e+03   3.36948e-05
2.00322e+03   3.35699e-05
2.00472e+03   3.34463e-05
2.00622e+03   3.33242e-05
2.00772e+03   3.32033e-05
2.00922e+03   3.30838e-05
2.01072e+03   3.29657e-05
2.01222e+03   3.28488e-05
2.01372e+03   3.27332e-05
2.01522e+03   3.26190e-05
2.01672e+03   3.25059e-05
2.01822e+03   3.23942e-05
2.01972e+03   3.22837e-05
2.02122e+03   3.21744e-05
2.02272e+03   3.20663e-05
2.02422e+03   3.19595e-05
2.02572e+03   3.18538e-05
2.02722e+03   3.17493e-05
2.02872e+03   3.16460e-05
2.03022e+03   3.15439e-05
2.03172e+03   3.14429e-05
2.03322e+03   3.13430e-05
2.03472e+03   3.12443e-05
2.03622e+03   3.11467e-05
2.03772e+03   3.10501e-05
2.03922e+03   3.09547e-05
2.04072e+03   3.08604e-05
2.04222e+03   3.07671e-05
2.04372e+03   3.06749e-05
2.04522e+03   3.05838e-05
2.04672e+03   3.04937e-05
2.04822e+03   3.04047e-05
2.04972e+03   3.03166e-05
2.05122e+03   3.02296e-05
2.05272e+03   3.01436e-05
2.05422e+03   3.00586e-05
2.05572e+03   2.99746e-05
2.05722e+03   2.98916e-05
2.05872e+03   2.98095e-05
2.06022e+03   2.97284e-05
2.06172e+03   2.96483e-05
2.06322e+03   2.95691e-05
2.06472e+03   2.94909e-05
2.06622e+03   2.94136e-05
2.06772e+03   2.93372e-05
2.06922e+03   2.92617e-05
2.07072e+03   2.91872e-05
2.07222e+03   2.91135e-05
2.07372e+03   2.90408e-05
2.07522e+03   2.89689e-05
2.07672e+03   2.88979e-05
2.07822e+03   2.88278e-05
2.07972e+03   2.87586e-05
2.08122e+03   2.86902e-05
2.08272e+03   2.86227e-05
2.08422e+03   2.85560e-05
2.08572e+03   2.84901e-05
2.08722e+03   2.84251e-05
2.08872e+03   2.83609e-05
2.09022e+03   2.82976e-05
2.09172e+03   2.82351e-05
2.09322e+03   2.81733e-05
2.09472e+03   2.81124e-05
2.09622e+03   2.80523e-05
2.09772e+03   2.79929e-05
2.09922e+03   2.79344e-05
2.10072e+03   2.78766e-05
2.10222e+03   2.78196e-05
2.10372e+03   2.77634e-05
2.10522e+03   2.77080e-05
2.10672e+03   2.76533e-05
2.10822e+03   2.75993e-05
2.10972e+03   2.75461e-05
2.11122e+03   2.74937e-05
2.11272e+03   2.74420e-05
2.11422e+03   2.73910e-05
2.11572e+03   2.73408e-05
2.11722e+03   2.72913e-05
2.11872e+03   2.72425e-05
2.12022e+03   2.71944e-05
2.12172e+03   2.71471e-05
2.12322e+03   2.71004e-05
2.12472e+03   2.70545e-05
2.12622e+03   2.70092e-05
2.12772e+03   2.69647e-05
2.12922e+03   2.69208e-05
2.13072e+03   2.68776e-05
2.13222e+03   2.68351e-05
2.13372e+03   2.67933e-05
2.13522e+03   2.67522e-05
2.13672e+03   2.67117e-05
2.13822e+03   2.66719e-05
2.13972e+03   2.66328e-05
2.14122e+03   2.65943e-05
2.14272e+03   2.65565e-05
2.14422e+03   2.65194e-05
2.14572e+03   2.64829e-05
2.14722e+03   2.64470e-05
2.14872e+03   2.64118e-05
2.15022e+03   2.63772e-05
2.15172e+03   2.63433e-05
2.15322e+03   2.63100e-05
2.15472e+03   2.62773e-05
2.15622e+03   2.62453e-05
2.15772e+03   2.62139e-05
2.15922e+03   2.61831e-05
2.16072e+03   2.61530e-05
2.16222e+03   2.61234e-05
2.16372e+03   2.60945e-05
2.16522e+03   2.60662e-05
2.16672e+03   2.60384e-05
2.16822e+03   2.60113e-05
2.16972e+03   2.59849e-05
2.17122e+03   2.59590e-05
2.17272e+03   2.59337e-05
2.17422e+03   2.59090e-05
2.17572e+03   2.58849e-05
2.17722e+03   2.58614e-05
2.17872e+03   2.58385e-05
2.18022e+03   2.58161e-05
2.18172e+03   2.57944e-05
2.18322e+03   2.57733e-05
2.18472e+03   2.57527e-05
2.18622e+03   2.57327e-05
2.18772e+03   2.57133e-05
2.18922e+03   2.56945e-05
2.19072e+03   2.56762e-05
2.19222e+03   2.56586e-05
2.19372e+03   2.56414e-05
2.19522e+03   2.56249e-05
2.19672e+03   2.56090e-05
2.19822e+03   2.55936e-05
2.19972e+03   2.55787e-05
2.20122e+03   2.55645e-05
2.20272e+03   2.55508e-05
2.20422e+03   2.55376e-05
2.20572e+03   2.55251e-05
2.20722e+03   2.55130e-05
2.20872e+03   2.55016e-05
2.21022e+03   2.54907e-05
2.21172e+03   2.54803e-05
2.21322e+03   2.54706e-05
2.21472e+03   2.54613e-05
2.21622e+03   2.54526e-05
2.21772e+03   2.54445e-05
2.21922e+03   2.54369e-05
2.22072e+03   2.54299e-05
2.22222e+03   2.54234e-05
2.22372e+03   2.54175e-05
2.22522e+03   2.54121e-05
2.22672e+03   2.54073e-05
2.22822e+03   2.54030e-05
2.22972e+03   2.53993e-05
2.23122e+03   2.53961e-05
2.23272e+03   2.53934e-05
2.23422e+03   2.53913e-05
2.23572e+03   2.53897e-05
2.23722e+03   2.53887e-05
2.23872e+03   2.53883e-05
2.24022e+03   2.53883e-05
2.24172e+03   2.53889e-05
2.24322e+03   2.53901e-05
2.24472e+03   2.53918e-05
2.24622e+03   2.53940e-05
2.24772e+03   2.53968e-05
2.24922e+03   2.54001e-05
2.25072e+03   2.54040e-05
2.25222e+03   2.54084e-05
2.25372e+03   2.54133e-05
2.25522e+03   2.54188e-05
2.25672e+03   2.54248e-05
2.25822e+03   2.54314e-05
2.25972e+03   2.54385e-05
2.26122e+03   2.54462e-05
2.26272e+03   2.54544e-05
2.26422e+03   2.54631e-05
2.26572e+03   2.54724e-05
2.26722e+03   2.54822e-05
2.26872e+03   2.54926e-05
2.27022e+03   2.55035e-05
2.27172e+03   2.55150e-05
2.27322e+03   2.55270e-05
2.27472e+03   2.55396e-05
2.27622e+03   2.55527e-05
2.27772e+03   2.55663e-05
2.27922e+03   2.55805e-05
2.28072e+03   2.55953e-05
2.28222e+03   2.56106e-05
2.28372e+03   2.56264e-05
2.28522e+03   2.56428e-05
2.28672e+03   2.56598e-05
2.28822e+03   2.56773e-05
2.28972e+03   2.56953e-05
2.29122e+03   2.57140e-05
2.29272e+03   2.57331e-05
2.29422e+03   2.57529e-05
2.29572e+03   2.57732e-05
2.29722e+03   2.57940e-05
2.29872e+03   2.58154e-05
2.30022e+03   2.58374e-05
2.30172e+03   2.58599e-05
2.30322e+03   2.58831e-05
2.30472e+03   2.59067e-05
2.30622e+03   2.59310e-05
2.30772e+03   2.59558e-05
2.30922e+03   2.59812e-05
2.31072e+03   2.60071e-05
2.31222e+03   2.60337e-05
2.31372e+03   2.60608e-05
2.31522e+03   2.60885e-05
2.31672e+03   2.61167e-05
2.31822e+03   2.61456e-05
2.31972e+03   2.61750e-05
2.32122e+03   2.62050e-05
2.32272e+03   2.62356e-05
2.32422e+03   2.62669e-05
2.32572e+03   2.62986e-05
2.32722e+03   2.63310e-05
2.32872e+03   2.63640e-05
2.33022e+03   2.63976e-05
2.33172e+03   2.64318e-05
2.33322e+03   2.64666e-05
2.33472e+03   2.65020e-05
2.33622e+03   2.65380e-05
2.33772e+03   2.65746e-05
2.33922e+03   2.66118e-05
2.34072e+03   2.66496e-05
2.34222e+03   2.66881e-05
2.34372e+03   2.67272e-05
2.34522e+03   2.67669e-05
2.34672e+03   2.68072e-05
2.34822e+03   2.68482e-05
2.34972e+03   2.68898e-05
2.35122e+03   2.69320e-05
2.35272e+03   2.69749e-05
2.35422e+03   2.70184e-05
2.35572e+03   2.70625e-05
2.35722e+03   2.71073e-05
2.35872e+03   2.71528e-05
2.36022e+03   2.71989e-05
2.36172e+03   2.72456e-05
2.36322e+03   2.72930e-05
2.36472e+03   2.73411e-05
2.36622e+03   2.73899e-05
2.36772e+03   2.74393e-05
2.36922e+03   2.74894e-05
2.37072e+03   2.75402e-05
2.37222e+03   2.75917e-05
2.37372e+03   2.76438e-05
2.37522e+03   2.76967e-05
2.37672e+03   2.77502e-05
2.37822e+03   2.78044e-05
2.37972e+03   2.78594e-05
2.38122e+03   2.79150e-05
2.38272e+03   2.79714e-05
2.38422e+03   2.80284e-05
2.38572e+03   2.80862e-05
2.38722e+03   2.81447e-05
2.38872e+03   2.82040e-05
2.39022e+03   2.82640e-05
2.39172e+03   2.83247e-05
2.39322e+03   2.83861e-05
2.39472e+03   2.84483e-05
2.39622e+03   2.85113e-05
2.39772e+03   2.85750e-05
2.39922e+03   2.86395e-05
2.40072e+03   2.87047e-05
2.40222e+03   2.87707e-05
2.40372e+03   2.88375e-05
2.40522e+03   2.89051e-05
2.40672e+03   2.89735e-05
2.40822e+03   2.90426e-05
2.40972e+03   2.91126e-05
2.41122e+03   2.91834e-05
2.41272e+03   2.92549e-05
2.41422e+03   2.93273e-05
2.41572e+03   2.94006e-05
2.41722e+03   2.94746e-05
2.41872e+03   2.95495e-05
2.42022e+03   2.96252e-05
2.42172e+03   2.97018e-05
2.42322e+03   2.97792e-05
2.42472e+03   2.98575e-05
2.42622e+03   2.99366e-05
2.42772e+03   3.00167e-05
2.42922e+03   3.00976e-05
2.43072e+03   3.01794e-05
2.43222e+03   3.02621e-05
2.43372e+03   3.03457e-05
2.43522e+03   3.04302e-05
2.43672e+03   3.05156e-05
2.43822e+03   3.06019e-05
2.43972e+03   3.06892e-05
2.44122e+03   3.07774e-05
2.44272e+03   3.08666e-05
2.44422e+03   3.09567e-05
2.44572e+03   3.10477e-05
2.44722e+03   3.11398e-05
2.44872e+03   3.12328e-05
2.45022e+03   3.13268e-05
2.45172e+03   3.14218e-05
2.45322e+03   3.15179e-05
2.45472e+03   3.16149e-05
2.45622e+03   3.17129e-05
2.45772e+03   3.18120e-05
2.45922e+03   3.19121e-05
2.46072e+03   3.20133e-05
2.46222e+03   3.21155e-05
2.46372e+03   3.22188e-05
2.46522e+03   3.23232e-05
2.46672e+03   3.24286e-05
2.46822e+03   3.25352e-05
2.46972e+03   3.26429e-05
2.47122e+03   3.27517e-05
2.47272e+03   3.28616e-05
2.47422e+03   3.29726e-05
2.47572e+03   3.30848e-05
2.47722e+03   3.31982e-05
2.47872e+03   3.33127e-05
2.48022e+03   3.34284e-05
2.48172e+03   3.35454e-05
2.48322e+03   3.36635e-05
2.48472e+03   3.37828e-05
2.48622e+03   3.39034e-05
2.48772e+03   3.40252e-05
2.48922e+03   3.41482e-05
2.49072e+03   3.42726e-05
2.49222e+03   3.43982e-05
2.49372e+03   3.45251e-05
2.49522e+03   3.46533e-05
2.49672e+03   3.47828e-05
2.49822e+03   3.49137e-05
2.49972e+03   3.50459e-05
2.50122e+03   3.51794e-05
2.50272e+03   3.53144e-05
2.50422e+03   3.54507e-05
2.50572e+03   3.55884e-05
2.50722e+03   3.57275e-05
2.50872e+03   3.58681e-05
2.51022e+03   3.60101e-05
2.51172e+03   3.61536e-05
2.51322e+03   3.62986e-05
2.51472e+03   3.64450e-05
2.51622e+03   3.65930e-05
2.51772e+03   3.67425e-05
2.51922e+03   3.68935e-05
2.52072e+03   3.70461e-05
2.52222e+03   3.72003e-05
2.52372e+03   3.73561e-05
2.52522e+03   3.75134e-05
2.52672e+03   3.76724e-05
2.52822e+03   3.78331e-05
2.52972e+03   3.79954e-05
2.53122e+03   3.81595e-05
2.53272e+03   3.83252e-05
2.53422e+03   3.84926e-05
2.53572e+03   3.86618e-05
2.53722e+03   3.88328e-05
2.53872e+03   3.90055e-05
2.54022e+03   3.91801e-05
2.54172e+03   3.93565e-05
2.54322e+03   3.95347e-05
2.54472e+03   3.97148e-05
2.54622e+03   3.98968e-05
2.54772e+03   4.00807e-05
2.54922e+03   4.02666e-05
2.55072e+03   4.04544e-05
2.55222e+03   4.06442e-05
2.55372e+03   4.08360e-05
2.55522e+03   4.10298e-05
2.55672e+03   4.12258e-05
2.55822e+03   4.14237e-05
2.55972e+03   4.16239e-05
2.56122e+03   4.18261e-05
2.56272e+03   4.20305e-05
2.56422e+03   4.22371e-05
2.56572e+03   4.24459e-05
2.56722e+03   4.26570e-05
2.56872e+03   4.28704e-05
2.57022e+03   4.30860e-05
2.57172e+03   4.33040e-05
2.57322e+03   4.35243e-05
2.57472e+03   4.37471e-05
2.57622e+03   4.39723e-05
2.57772e+03   4.41999e-05
2.57922e+03   4.44300e-05
2.58072e+03   4.46627e-05
2.58222e+03   4.48979e-05
2.58372e+03   4.51357e-05
2.58522e+03   4.53761e-05
2.58672e+03   4.56192e-05
2.58822e+03   4.58650e-05
2.58972e+03   4.61135e-05
2.59122e+03   4.63648e-05
2.59272e+03   4.66189e-05
2.59422e+03   4.68758e-05
2.59572e+03   4.71356e-05
2.59722e+03   4.73984e-05
2.59872e+03   4.76641e-05
2.60022e+03   4.79329e-05
2.60172e+03   4.82047e-05
2.60322e+03   4.84795e-05
2.60472e+03   4.87576e-05
2.60622e+03   4.90388e-05
2.60772e+03   4.93232e-05
2.60922e+03   4.96109e-05
2.61072e+03   4.99019e-05
2.61222e+03   5.01963e-05
2.61372e+03   5.04942e-05
2.61522e+03   5.07955e-05
2.61672e+03   5.11003e-05
2.61822e+03   5.14087e-05
2.61972e+03   5.17207e-05
2.62122e+03   5.20364e-05
2.62272e+03   5.23558e-05
2.62422e+03   5.26790e-05
2.62572e+03   5.30061e-05
2.62722e+03   5.33371e-05
2.62872e+03   5.36721e-05
2.63022e+03   5.40110e-05
2.63172e+03   5.43541e-05
2.63322e+03   5.47013e-05
2.63472e+03   5.50528e-05
2.63622e+03   5.54085e-05
2.63772e+03   5.57686e-05
2.63922e+03   5.61331e-05
2.64072e+03   5.65021e-05
2.64222e+03   5.68757e-05
2.64372e+03   5.72539e-05
2.64522e+03   5.76368e-05
2.64672e+03   5.80245e-05
2.64822e+03   5.84171e-05
2.64972e+03   5.88146e-05
2.65122e+03   5.92171e-05
2.65272e+03   5.96248e-05
2.65422e+03   6.00376e-05
2.65572e+03   6.04558e-05
2.65722e+03   6.08793e-05
2.65872e+03   6.13082e-05
2.66022e+03   6.17427e-05
2.66172e+03   6.21829e-05
2.66322e+03   6.26288e-05
2.66472e+03   6.30805e-05
2.66622e+03   6.35382e-05
2.66772e+03   6.40020e-05
2.66922e+03   6.44718e-05
2.67072e+03   6.49480e-05
2.67222e+03   6.54305e-05
2.67372e+03   6.59195e-05
2.67522e+03   6.64151e-05
2.67672e+03   6.69174e-05
2.67822e+03   6.74266e-05
2.67972e+03   6.79427e-05
2.68122e+03   6.84659e-05
2.68272e+03   6.89963e-05
2.68422e+03   6.95341e-05
2.68572e+03   7.00794e-05
2.68722e+03   7.06323e-05
2.68872e+03   7.11929e-05
2.69022e+03   7.17615e-05
2.69172e+03   7.23382e-05
2.69322e+03   7.29230e-05
2.69472e+03   7.35163e-05
2.69622e+03   7.41180e-05
2.69772e+03   7.47285e-05
2.69922e+03   7.53478e-05
2.70072e+03   7.59762e-05
2.70222e+03   7.66138e-05
2.70372e+03   7.72609e-05
2.70522e+03   7.79175e-05
2.70672e+03   7.85838e-05
2.70822e+03   7.92602e-05
2.70972e+03   7.99467e-05
2.71122e+03   8.06437e-05
2.71272e+03   8.13512e-05
2.71422e+03   8.20696e-05
2.71572e+03   8.27989e-05
2.71722e+03   8.35396e-05
2.71872e+03   8.42918e-05
2.72022e+03   8.50557e-05
2.72172e+03   8.58316e-05
2.72322e+03   8.66198e-05
2.72472e+03   8.74205e-05
2.72622e+03   8.82340e-05
2.72772e+03   8.90605e-05
2.72922e+03   8.99004e-05
2.73072e+03   9.07540e-05
2.73222e+03   9.16215e-05
2.73372e+03   9.25032e-05
2.73522e+03   9.33995e-05
2.73672e+03   9.43108e-05
2.73822e+03   9.52373e-05
2.73972e+03   9.61793e-05
2.74122e+03   9.71374e-05
2.74272e+03   9.81117e-05
2.74422e+03   9.91027e-05
2.74572e+03   1.00111e-04
2.74722e+03   1.01137e-04
2.74872e+03   1.02180e-04
2.75022e+03   1.03242e-04
2.75172e+03   1.04323e-04
2.75322e+03   1.05423e-04
2.75472e+03   1.06542e-04
2.75622e+03   1.07682e-04
2.75772e+03   1.08842e-04
2.75922e+03   1.10024e-04
2.76072e+03   1.11228e-04
2.76222e+03   1.12453e-04
2.76372e+03   1.13702e-04
2.76522e+03   1.14974e-04
2.76672e+03   1.16270e-04
2.76822e+03   1.17591e-04
2.76972e+03   1.18937e-04
2.77122e+03   1.20309e-04
2.77272e+03   1.21708e-04
2.77422e+03   1.23134e-04
2.77572e+03   1.24588e-04
2.77722e+03   1.26071e-04
2.77872e+03   1.27584e-04
2.78022e+03   1.29128e-04
2.78172e+03   1.30702e-04
2.78322e+03   1.32309e-04
2.78472e+03   1.33950e-04
2.78622e+03   1.35624e-04
2.78772e+03   1.37333e-04
2.78922e+03   1.39078e-04
2.79072e+03   1.40861e-04
2.79222e+03   1.42682e-04
2.79372e+03   1.44542e-04
2.79522e+03   1.46443e-04
2.79672e+03   1.48385e-04
2.79822e+03   1.50371e-04
2.79972e+03   1.52401e-04
2.80122e+03   1.54476e-04
2.80272e+03   1.56599e-04
2.80422e+03   1.58771e-04
2.80572e+03   1.60992e-04
2.80722e+03   1.63266e-04
2.80872e+03   1.65593e-04
2.81022e+03   1.67975e-04
2.81172e+03   1.70414e-04
2.81322e+03   1.72912e-04
2.81472e+03   1.75472e-04
2.81622e+03   1.78094e-04
2.81772e+03   1.80781e-04
2.81922e+03   1.83535e-04
2.82072e+03   1.86359e-04
2.82222e+03   1.89256e-04
2.82372e+03   1.92227e-04
2.82522e+03   1.95275e-04
2.82672e+03   1.98404e-04
2.82822e+03   2.01616e-04
2.82972e+03   2.04914e-04
2.83122e+03   2.08301e-04
2.83272e+03   2.11781e-04
2.83422e+03   2.15358e-04
2.83572e+03   2.19034e-04
2.83722e+03   2.22815e-04
2.83872e+03   2.26703e-04
2.84022e+03   2.30704e-04
2.84172e+03   2.34821e-04
2.84322e+03   2.39060e-04
2.84472e+03   2.43425e-04
2.84622e+03   2.47922e-04
2.84772e+03   2.52556e-04
2.84922e+03   2.57334e-04
2.85072e+03   2.62260e-04
2.85222e+03   2.67342e-04
2.85372e+03   2.72587e-04
2.85522e+03   2.78002e-04
2.85672e+03   2.83594e-04
2.85822e+03   2.89371e-04
2.85972e+03   2.95342e-04
2.86122e+03   3.01517e-04
2.86272e+03   3.07904e-04
2.86422e+03   3.14514e-04
2.86572e+03   3.21358e-04
2.86722e+03   3.28448e-04
2.86872e+03   3.35794e-04
2.87022e+03   3.43411e-04
2.87172e+03   3.51312e-04
2.87322e+03   3.59513e-04
2.87472e+03   3.68028e-04
2.87622e+03   3.76875e-04
2.87772e+03   3.86071e-04
2.87922e+03   3.95636e-04
2.88072e+03   4.05590e-04
2.88222e+03   4.15955e-04
2.88372e+03   4.26755e-04
2.88522e+03   4.38015e-04
2.88672e+03   4.49763e-04
2.88822e+03   4.62028e-04
2.88972e+03   4.74841e-04
2.89122e+03   4.88236e-04
2.89272e+03   5.02250e-04
2.89422e+03   5.16923e-04
2.89572e+03   5.32298e-04
2.89722e+03   5.48421e-04
2.89872e+03   5.65343e-04
2.90022e+03   5.83119e-04
2.90172e+03   6.01808e-04
2.90322e+03   6.21475e-04
2.90472e+03   6.42192e-04
2.90622e+03   6.64035e-04
2.90772e+03   6.87090e-04
2.90922e+03   7.11450e-04
2.91072e+03   7.37216e-04
2.91222e+03   7.64500e-04
2.91372e+03   7.93427e-04
2.91522e+03   8.24132e-04
2.91672e+03   8.56767e-04
2.91822e+03   8.91498e-04
2.91972e+03   9.28510e-04
2.92122e+03   9.68010e-04
2.92272e+03   1.01023e-03
2.92422e+03   1.05542e-03
2.92572e+03   1.10387e-03
2.92722e+03   1.15590e-03
2.92872e+03   1.21188e-03
2.93022e+03   1.27220e-03
2.93172e+03   1.33733e-03
2.93322e+03   1.40780e-03
2.93472e+03   1.48418e-03
2.93622e+03   1.56715e-03
2.93772e+03   1.65748e-03
2.93922e+03   1.75603e-03
2.94072e+03   1.86380e-03
2.94222e+03   1.98194e-03
2.94372e+03   2.11176e-03
2.94522e+03   2.25476e-03
2.94672e+03   2.41269e-03
2.94822e+03   2.58753e-03
2.94972e+03   2.78159e-03
2.95122e+03   2.99750e-03
2.95272e+03   3.23827e-03
2.95422e+03   3.50732e-03
2.95572e+03   3.80851e-03
2.95722e+03   4.14611e-03
2.95872e+03   4.52477e-03
2.96022e+03   4.94935e-03
2.96172e+03   5.42468e-03
2.96322e+03   5.95508e-03
2.96472e+03   6.54360e-03
2.96622e+03   7.19086e-03
2.96772e+03   7.89344e-03
2.96922e+03   8.64184e-03
2.97072e+03   9.41810e-03
2.97222e+03   1.01939e-02
2.97372e+03   1.09296e-02
2.97522e+03   1.15770e-02
2.97672e+03   1.20840e-02
2.97822e+03   1.24052e-02
2.97972e+03   1.25115e-02
2.98122e+03   1.23983e-02
2.98272e+03   1.20868e-02
2.98422e+03   1.16188e-02
2.98572e+03   1.10462e-02
2.98722e+03   1.04212e-02
2.98872e+03   9.78889e-03
2.99022e+03   9.18383e-03
2.99172e+03   8.62984e-03
2.99322e+03   8.14165e-03
2.99472e+03   7.72723e-03
2.99622e+03   7.39001e-03
2.99772e+03   7.13073e-03
2.99922e+03   6.94872e-03
3.00072e+03   6.84281e-03
3.00222e+03   6.81174e-03
3.00372e+03   6.85432e-03
3.00522e+03   6.96927e-03
3.00672e+03   7.15466e-03
3.00822e+03   7.40713e-03
3.00972e+03   7.72063e-03
3.01122e+03   8.08481e-03
3.01272e+03   8.48329e-03
3.01422e+03   8.89218e-03
3.01572e+03   9.27967e-03
3.01722e+03   9.60767e-03
3.01872e+03   9.83634e-03
3.02022e+03   9.93107e-03
3.02172e+03   9.87021e-03
3.02322e+03   9.65054e-03
3.02472e+03   9.28787e-03
3.02622e+03   8.81257e-03
3.02772e+03   8.26205e-03
3.02922e+03   7.67334e-03
3.03072e+03   7.07779e-03
3.03222e+03   6.49885e-03
3.03372e+03   5.95194e-03
3.03522e+03   5.44576e-03
3.03672e+03   4.98394e-03
3.03822e+03   4.56673e-03
3.03972e+03   4.19222e-03
3.04122e+03   3.85738e-03
3.04272e+03   3.55861e-03
3.04422e+03   3.29224e-03
3.04572e+03   3.05470e-03
3.04722e+03   2.84268e-03
3.04872e+03   2.65319e-03
3.05022e+03   2.48353e-03
3.05172e+03   2.33137e-03
3.05322e+03   2.19462e-03
3.05472e+03   2.07148e-03
3.05622e+03   1.96039e-03
3.05772e+03   1.85997e-03
3.05922e+03   1.76905e-03
3.06072e+03   1.68658e-03
3.06222e+03   1.61167e-03
3.06372e+03   1.54353e-03
3.06522e+03   1.48148e-03
3.06672e+03   1.42493e-03
3.06822e+03   1.37334e-03
3.06972e+03   1.32626e-03
3.07122e+03   1.28329e-03
3.07272e+03   1.24407e-03
3.07422e+03   1.20829e-03
3.07572e+03   1.17567e-03
3.07722e+03   1.14597e-03
3.07872e+03   1.11896e-03
3.08022e+03   1.09447e-03
3.08172e+03   1.07233e-03
3.08322e+03   1.05238e-03
3.08472e+03   1.03449e-03
3.08622e+03   1.01856e-03
3.08772e+03   1.00448e-03
3.08922e+03   9.92157e-04
3.09072e+03   9.81523e-04
3.09222e+03   9.72511e-04
3.09372e+03   9.65067e-04
3.09522e+03   9.59144e-04
3.09672e+03   9.54706e-04
3.09822e+03   9.51724e-04
3.09972e+03   9.50179e-04
3.10122e+03   9.50057e-04
3.10272e+03   9.51354e-04
3.10422e+03   9.54072e-04
3.10572e+03   9.58222e-04
3.10722e+03   9.63819e-04
3.10872e+03   9.70891e-04
3.11022e+03   9.79470e-04
3.11172e+03   9.89598e-04
3.11322e+03   1.00133e-03
3.11472e+03   1.01471e-03
3.11622e+03   1.02983e-03
3.11772e+03   1.04676e-03
3.11922e+03   1.06560e-03
3.12072e+03   1.08644e-03
3.12222e+03   1.10942e-03
3.12372e+03   1.13466e-03
3.12522e+03   1.16233e-03
3.12672e+03   1.19259e-03
3.12822e+03   1.22564e-03
3.12972e+03   1.26171e-03
3.13122e+03   1.30104e-03
3.13272e+03   1.34392e-03
3.13422e+03   1.39067e-03
3.13572e+03   1.44164e-03
3.13722e+03   1.49724e-03
3.13872e+03   1.55795e-03
3.14022e+03   1.62429e-03
3.14172e+03   1.69686e-03
3.14322e+03   1.77634e-03
3.14472e+03   1.86353e-03
3.14622e+03   1.95932e-03
3.14772e+03   2.06473e-03
3.14922e+03   2.18095e-03
3.15072e+03   2.30933e-03
3.15222e+03   2.45143e-03
3.15372e+03   2.60903e-03
3.15522e+03   2.78416e-03
3.15672e+03   2.97915e-03
3.15822e+03   3.19661e-03
3.15972e+03   3.43949e-03
3.16122e+03   3.71101e-03
3.16272e+03   4.01465e-03
3.16422e+03   4.35399e-03
3.16572e+03   4.73250e-03
3.16722e+03   5.15316e-03
3.16872e+03   5.61783e-03
3.17022e+03   6.12644e-03
3.17172e+03   6.67582e-03
3.17322e+03   7.25840e-03
3.17472e+03   7.86096e-03
3.17622e+03   8.46404e-03
3.17772e+03   9.04262e-03
3.17922e+03   9.56886e-03
3.18072e+03   1.00168e-02
3.18222e+03   1.03678e-02
3.18372e+03   1.06150e-02
3.18522e+03   1.07639e-02
3.18672e+03   1.08297e-02
3.18822e+03   1.08310e-02
3.18972e+03   1.07850e-02
3.19122e+03   1.07042e-02
3.19272e+03   1.05972e-02
3.19422e+03   1.04708e-02
3.19572e+03   1.03331e-02
3.19722e+03   1.01952e-02
3.19872e+03   1.00704e-02
3.20022e+03   9.97197e-03
3.20172e+03   9.91033e-03
3.20322e+03   9.89154e-03
3.20472e+03   9.91670e-03
3.20622e+03   9.98321e-03
3.20772e+03   1.00870e-02
3.20922e+03   1.02248e-02
3.21072e+03   1.03963e-02
3.21222e+03   1.06036e-02
3.21372e+03   1.08493e-02
3.21522e+03   1.11329e-02
3.21672e+03   1.14469e-02
3.21822e+03   1.17733e-02
3.21972e+03   1.20827e-02
3.22122e+03   1.23357e-02
3.22272e+03   1.24878e-02
3.22422e+03   1.24985e-02
3.22572e+03   1.23405e-02
3.22722e+03   1.20068e-02
3.22872e+03   1.15128e-02
3.23022e+03   1.08918e-02
3.23172e+03   1.01861e-02
3.23322e+03   9.43845e-03
3.23472e+03   8.68579e-03
3.23622e+03   7.95579e-03
3.23772e+03   7.26680e-03
3.23922e+03   6.62913e-03
3.24072e+03   6.04705e-03
3.24222e+03   5.52069e-03
3.24372e+03   5.04761e-03
3.24522e+03   4.62397e-03
3.24672e+03   4.24528e-03
3.24822e+03   3.90694e-03
3.24972e+03   3.60449e-03
3.25122e+03   3.33379e-03
3.25272e+03   3.09111e-03
3.25422e+03   2.87310e-03
3.25572e+03   2.67681e-03
3.25722e+03   2.49965e-03
3.25872e+03   2.33936e-03
3.26022e+03   2.19398e-03
3.26172e+03   2.06179e-03
3.26322e+03   1.94129e-03
3.26472e+03   1.83119e-03
3.26622e+03   1.73035e-03
3.26772e+03   1.63779e-03
3.26922e+03   1.55264e-03
3.27072e+03   1.47413e-03
3.27222e+03   1.40160e-03
3.27372e+03   1.33446e-03
3.27522e+03   1.27219e-03
3.27672e+03   1.21433e-03
3.27822e+03   1.16048e-03
3.27972e+03   1.11027e-03
3.28122e+03   1.06338e-03
3.28272e+03   1.01952e-03
3.28422e+03   9.78440e-04
3.28572e+03   9.39900e-04
3.28722e+03   9.03696e-04
3.28872e+03   8.69640e-04
3.29022e+03   8.37565e-04
3.29172e+03   8.07316e-04
3.29322e+03   7.78757e-04
3.29472e+03   7.51762e-04
3.29622e+03   7.26217e-04
3.29772e+03   7.02019e-04
3.29922e+03   6.79073e-04
3.30072e+03   6.57292e-04
3.30222e+03   6.36598e-04
3.30372e+03   6.16918e-04
3.30522e+03   5.98185e-04
3.30672e+03   5.80340e-04
3.30822e+03   5.63324e-04
3.30972e+03   5.47088e-04
3.31122e+03   5.31582e-04
3.31272e+03   5.16764e-04
3.31422e+03   5.02591e-04
3.31572e+03   4.89026e-04
3.31722e+03   4.76035e-04
3.31872e+03   4.63584e-04
3.32022e+03   4.51643e-04
3.32172e+03   4.40184e-04
3.32322e+03   4.29181e-04
3.32472e+03   4.18610e-04
3.32622e+03   4.08448e-04
3.32772e+03   3.98672e-04
3.32922e+03   3.89265e-04
3.33072e+03   3.80206e-04
3.33222e+03   3.71478e-04
3.33372e+03   3.63066e-04
3.33522e+03   3.54953e-04
3.33672e+03   3.47125e-04
3.33822e+03   3.39569e-04
3.33972e+03   3.32272e-04
3.34122e+03   3.25221e-04
3.34272e+03   3.18407e-04
3.34422e+03   3.11817e-04
3.34572e+03   3.05442e-04
3.34722e+03   2.99273e-04
3.34872e+03   2.93300e-04
3.35022e+03   2.87515e-04
3.35172e+03   2.81909e-04
3.35322e+03   2.76477e-04
3.35472e+03   2.71209e-04
3.35622e+03   2.66100e-04
3.35772e+03   2.61142e-04
3.35922e+03   2.56331e-04
3.36072e+03   2.51659e-04
3.36222e+03   2.47122e-04
3.36372e+03   2.42714e-04
3.36522e+03   2.38430e-04
3.36672e+03   2.34265e-04
3.36822e+03   2.30216e-04
3.36972e+03   2.26277e-04
3.37122e+03   2.22444e-04
3.37272e+03   2.18714e-04
3.37422e+03   2.15083e-04
3.37572e+03   2.11547e-04
3.37722e+03   2.08103e-04
3.37872e+03   2.04748e-04
3.38022e+03   2.01478e-04
3.38172e+03   1.98291e-04
3.38322e+03   1.95183e-04
3.38472e+03   1.92153e-04
3.38622e+03   1.89197e-04
3.38772e+03   1.86312e-04
3.38922e+03   1.83498e-04
3.39072e+03   1.80750e-04
3.39222e+03   1.78068e-04
3.39372e+03   1.75448e-04
3.39522e+03   1.72890e-04
3.39672e+03   1.70390e-04
3.39822e+03   1.67948e-04
3.39972e+03   1.65561e-04
3.40122e+03   1.63228e-04
3.40272e+03   1.60946e-04
3.40422e+03   1.58716e-04
3.40572e+03   1.56534e-04
3.40722e+03   1.54399e-04
3.40872e+03   1.52311e-04
3.41022e+03   1.50267e-04
3.41172e+03   1.48267e-04
3.41322e+03   1.46309e-04
3.41472e+03   1.44391e-04
3.41622e+03   1.42514e-04
3.41772e+03   1.40675e-04
3.41922e+03   1.38874e-04
3.42072e+03   1.37109e-04
3.42222e+03   1.35379e-04
3.42372e+03   1.33684e-04
3.42522e+03   1.32023e-04
3.42672e+03   1.30394e-04
3.42822e+03   1.28798e-04
3.42972e+03   1.27232e-04
3.43122e+03   1.25696e-04
3.43272e+03   1.24189e-04
3.43422e+03   1.22712e-04
3.43572e+03   1.21262e-04
3.43722e+03   1.19839e-04
3.43872e+03   1.18442e-04
3.44022e+03   1.17071e-04
3.44172e+03   1.15725e-04
3.44322e+03   1.14404e-04
3.44472e+03   1.13107e-04
3.44622e+03   1.11833e-04
3.44772e+03   1.10581e-04
3.44922e+03   1.09352e-04
3.45072e+03   1.08145e-04
3.45222e+03   1.06958e-04
3.45372e+03   1.05792e-04
3.45522e+03   1.04646e-04
3.45672e+03   1.03520e-04
3.45822e+03   1.02413e-04
3.45972e+03   1.01325e-04
3.46122e+03   1.00255e-04
3.46272e+03   9.92024e-05
3.46422e+03   9.81677e-05
3.46572e+03   9.71501e-05
3.46722e+03   9.61491e-05
3.46872e+03   9.51645e-05
3.47022e+03   9.41958e-05
3.47172e+03   9.32427e-05
3.47322e+03   9.23048e-05
3.47472e+03   9.13818e-05
3.47622e+03   9.04735e-05
3.47772e+03   8.95794e-05
3.47922e+03   8.86993e-05
3.48072e+03   8.78328e-05
3.48222e+03   8.69798e-05
3.48372e+03   8.61398e-05
3.48522e+03   8.53126e-05
3.48672e+03   8.44980e-05
3.48822e+03   8.36957e-05
3.48972e+03   8.29055e-05
3.49122e+03   8.21270e-05
3.49272e+03   8.13601e-05
3.49422e+03   8.06045e-05
3.49572e+03   7.98600e-05
3.49722e+03   7.91263e-05
3.49872e+03   7.84033e-05
3.50022e+03   7.76908e-05
3.50172e+03   7.69885e-05
3.50322e+03   7.62962e-05
3.50472e+03   7.56137e-05
3.50622e+03   7.49409e-05
3.50772e+03   7.42775e-05
3.50922e+03   7.36235e-05
3.51072e+03   7.29785e-05
3.51222e+03   7.23424e-05
3.51372e+03   7.17151e-05
3.51522e+03   7.10964e-05
3.51672e+03   7.04861e-05
3.51822e+03   6.98841e-05
3.51972e+03   6.92903e-05
3.52122e+03   6.87044e-05
3.52272e+03   6.81263e-05
3.52422e+03   6.75559e-05
3.52572e+03   6.69930e-05
3.52722e+03   6.64375e-05
3.52872e+03   6.58894e-05
3.53022e+03   6.53483e-05
3.53172e+03   6.48143e-05
3.53322e+03   6.42872e-05
3.53472e+03   6.37668e-05
3.53622e+03   6.32531e-05
3.53772e+03   6.27459e-05
3.53922e+03   6.22451e-05
3.54072e+03   6.17507e-05
3.54222e+03   6.12624e-05
3.54372e+03   6.07802e-05
3.54522e+03   6.03041e-05
3.54672e+03   5.98338e-05
3.54822e+03   5.93693e-05
3.54972e+03   5.89105e-05
3.55122e+03   5.84573e-05
3.55272e+03   5.80096e-05
3.55422e+03   5.75673e-05
3.55572e+03   5.71303e-05
3.55722e+03   5.66986e-05
3.55872e+03   5.62720e-05
3.56022e+03   5.58505e-05
3.56172e+03   5.54339e-05
3.56322e+03   5.50223e-05
3.56472e+03   5.46155e-05
3.56622e+03   5.42134e-05
3.56772e+03   5.38160e-05
3.56922e+03   5.34232e-05
3.57072e+03   5.30349e-05
3.57222e+03   5.26511e-05
3.57372e+03   5.22716e-05
3.57522e+03   5.18965e-05
3.57672e+03   5.15256e-05
3.57822e+03   5.11589e-05
3.57972e+03   5.07963e-05
3.58122e+03   5.04378e-05
3.58272e+03   5.00833e-05
3.58422e+03   4.97327e-05
3.58572e+03   4.93859e-05
3.58722e+03   4.90430e-05
3.58872e+03   4.87038e-05
3.59022e+03   4.83683e-05
3.59172e+03   4.80365e-05
3.59322e+03   4.77083e-05
3.59472e+03   4.73836e-05
3.59622e+03   4.70624e-05
3.59772e+03   4.67446e-05
3.59922e+03   4.64302e-05
3.60072e+03   4.61191e-05
3.60222e+03   4.58113e-05
3.60372e+03   4.55068e-05
3.60522e+03   4.52055e-05
3.60672e+03   4.49073e-05
3.60822e+03   4.46122e-05
3.60972e+03   4.43201e-05
3.61122e+03   4.40311e-05
3.61272e+03   4.37450e-05
3.61422e+03   4.34619e-05
3.61572e+03   4.31817e-05
3.61722e+03   4.29043e-05
3.61872e+03   4.26297e-05
3.62022e+03   4.23579e-05
3.62172e+03   4.20888e-05
3.62322e+03   4.18224e-05
3.62472e+03   4.15587e-05
3.62622e+03   4.12976e-05
3.62772e+03   4.10391e-05
3.62922e+03   4.07831e-05
3.63072e+03   4.05297e-05
3.63222e+03   4.02787e-05
3.63372e+03   4.00302e-05
3.63522e+03   3.97841e-05
3.63672e+03   3.95404e-05
3.63822e+03   3.92990e-05
3.63972e+03   3.90600e-05
3.64122e+03   3.88232e-05
3.64272e+03   3.85887e-05
3.64422e+03   3.83565e-05
3.64572e+03   3.81264e-05
3.64722e+03   3.78985e-05
3.64872e+03   3.76728e-05
3.65022e+03   3.74492e-05
3.65172e+03   3.72277e-05
3.65322e+03   3.70082e-05
3.65472e+03   3.67908e-05
3.65622e+03   3.65754e-05
3.65772e+03   3.63620e-05
3.65922e+03   3.61505e-05
3.66072e+03   3.59410e-05
3.66222e+03   3.57334e-05
3.66372e+03   3.55277e-05
3.66522e+03   3.53238e-05
3.66672e+03   3.51218e-05
3.66822e+03   3.49216e-05
3.66972e+03   3.47232e-05
3.67122e+03   3.45266e-05
3.67272e+03   3.43318e-05
3.67422e+03   3.41386e-05
3.67572e+03   3.39472e-05
3.67722e+03   3.37575e-05
3.67872e+03   3.35694e-05
3.68022e+03   3.33830e-05
3.68172e+03   3.31983e-05
3.68322e+03   3.30151e-05
3.68472e+03   3.28335e-05
3.68622e+03   3.26535e-05
3.68772e+03   3.24751e-05
3.68922e+03   3.22982e-05
3.69072e+03   3.21228e-05
3.69222e+03   3.19489e-05
3.69372e+03   3.17765e-05
3.69522e+03   3.16056e-05
3.69672e+03   3.14361e-05
3.69822e+03   3.12680e-05
3.69972e+03   3.11014e-05
3.70122e+03   3.09361e-05
3.70272e+03   3.07723e-05
3.70422e+03   3.06098e-05
3.70572e+03   3.04486e-05
3.70722e+03   3.02888e-05
3.70872e+03   3.01304e-05
3.71022e+03   2.99732e-05
3.71172e+03   2.98173e-05
3.71322e+03   2.96627e-05
3.71472e+03   2.95093e-05
3.71622e+03   2.93572e-05
3.71772e+03   2.92064e-05
3.71922e+03   2.90567e-05
3.72072e+03   2.89083e-05
3.72222e+03   2.87611e-05
3.72372e+03   2.86150e-05
3.72522e+03   2.84701e-05
3.72672e+03   2.83264e-05
3.72822e+03   2.81838e-05
3.72972e+03   2.80423e-05
3.73122e+03   2.79020e-05
3.73272e+03   2.77627e-05
3.73422e+03   2.76246e-05
3.73572e+03   2.74875e-05
3.73722e+03   2.73515e-05
3.73872e+03   2.72166e-05
3.74022e+03   2.70827e-05
3.74172e+03   2.69499e-05
3.74322e+03   2.68181e-05
3.74472e+03   2.66873e-05
3.74622e+03   2.65575e-05
3.74772e+03   2.64287e-05
3.74922e+03   2.63009e-05
3.75072e+03   2.61740e-05
3.75222e+03   2.60481e-05
3.75372e+03   2.59232e-05
3.75522e+03   2.57992e-05
3.75672e+03   2.56762e-05
3.75822e+03   2.55540e-05
3.75972e+03   2.54328e-05
3.76122e+03   2.53125e-05
3.76272e+03   2.51931e-05
3.76422e+03   2.50746e-05
3.76572e+03   2.49569e-05
3.76722e+03   2.48402e-05
3.76872e+03   2.47243e-05
3.77022e+03   2.46092e-05
3.77172e+03   2.44950e-05
3.77322e+03   2.43816e-05
3.77472e+03   2.42690e-05
3.77622e+03   2.41573e-05
3.77772e+03   2.40464e-05
3.77922e+03   2.39362e-05
3.78072e+03   2.38269e-05
3.78222e+03   2.37184e-05
3.78372e+03   2.36106e-05
3.78522e+03   2.35036e-05
3.78672e+03   2.33974e-05
3.78822e+03   2.32919e-05
3.78972e+03   2.31872e-05
3.79122e+03   2.30832e-05
3.79272e+03   2.29799e-05
3.79422e+03   2.28774e-05
3.79572e+03   2.27756e-05
3.79722e+03   2.26745e-05
3.79872e+03   2.25741e-05
3.80022e+03   2.24744e-05
3.80172e+03   2.23755e-05
3.80322e+03   2.22771e-05
3.80472e+03   2.21795e-05
3.80622e+03   2.20826e-05
3.80772e+03   2.19863e-05
3.80922e+03   2.18907e-05
3.81072e+03   2.17957e-05
3.81222e+03   2.17014e-05
3.81372e+03   2.16077e-05
3.81522e+03   2.15147e-05
3.81672e+03   2.14223e-05
3.81822e+03   2.13305e-05
3.81972e+03   2.12393e-05
3.82122e+03   2.11488e-05
3.82272e+03   2.10588e-05
3.82422e+03   2.09695e-05
